Año 	Mes       	Fuente 	1   	2   	3   	4   	5   	6   	7   	8   	9   	10  	11  	12  	13  	14  	15  	16  	17  	18  	19  	20  	21  	22  	23  	24  	25  	26  	27  	28  	29  	30  	31  	Total
1963	septiembre	SENAMHI	0.0 	0.0 	0.0 	0.0 	12.4	15.2	12.8	9.1 	12.1	5.4 	15.8	6.5 	7.5 	10.5	14.5	11.2	17.6	0.0 	0.0 	0.0 	5.4 	0.0 	0.4 	0.0 	9.2 	10.4	12.3	15.8	9.1 	13.4	    	226.6
1964	agosto    	SENAMHI	    	    	    	    	    	    	    	    	    	    	    	    	    	    	    	    	    	    	    	    	    	    	    	    	    	    	    	    	    	    	0.0 	0.0  
    	septiembre	SENAMHI	0.0 	3.2 	4.4 	5.6 	3.2 	6.1 	2.6 	5.5 	6.4 	3.8 	0.0 	0.0 	5.9 	0.0 	10.5	8.7 	0.0 	0.0 	0.0 	6.2 	4.8 	3.2 	7.3 	0.0 	8.8 	9.7 	10.8	0.0 	0.0 	4.2 	    	120.9
    	octubre   	SENAMHI	0.0 	5.7 	9.2 	12.4	15.3	16.4	12.2	8.4 	13.5	5.2 	8.2 	5.4 	9.2 	6.3 	0.0 	8.1 	5.7 	10.2	9.4 	6.6 	4.2 	0.0 	6.7 	12.8	8.2 	7.6 	0.0 	10.1	8.2 	6.4 	9.8 	241.4
1965	enero     	SENAMHI	0.0 	0.0 	0.0 	0.0 	0.0 	0.0 	0.0 	0.0 	0.0 	0.0 	0.2 	0.1 	0.0 	0.0 	0.0 	0.0 	0.0 	0.0 	0.0 	0.0 	0.0 	0.0 	0.0 	0.0 	0.0 	5.2 	2.5 	3.2 	0.0 	0.0 	0.0 	11.2 
    	febrero   	SENAMHI	0.0 	0.0 	0.0 	0.0 	0.0 	0.0 	0.0 	0.0 	0.0 	0.0 	0.0 	0.0 	0.0 	0.0 	0.0 	0.0 	0.0 	0.0 	0.0 	0.0 	0.0 	0.0 	0.0 	0.0 	0.0 	0.0 	0.0 	0.0 	    	    	    	0.0  
    	marzo     	SENAMHI	0.0 	0.0 	0.0 	0.0 	0.0 	0.0 	0.0 	0.0 	0.0 	5.2 	7.2 	0.0 	0.0 	0.0 	0.0 	0.0 	0.0 	0.0 	0.0 	0.0 	0.0 	0.0 	0.0 	3.4 	0.0 	0.0 	0.0 	0.0 	0.0 	0.0 	0.0 	15.8 
    	abril     	SENAMHI	0.0 	0.0 	0.0 	0.0 	0.0 	0.0 	0.0 	0.0 	0.0 	0.0 	2.3 	0.0 	0.0 	0.0 	3.2 	0.0 	0.0 	0.0 	0.0 	0.0 	4.6 	3.2 	2.2 	0.0 	0.0 	5.1 	3.4 	0.0 	4.2 	0.0 	    	28.2 
    	mayo      	SENAMHI	4.2 	1.9 	2.5 	0.0 	3.4 	0.0 	0.0 	5.8 	0.0 	0.0 	5.2 	0.0 	0.0 	0.0 	0.0 	4.4 	6.2 	0.0 	0.0 	0.0 	5.3 	0.0 	0.0 	6.4 	0.0 	0.0 	0.0 	3.2 	4.3 	5.4 	6.2 	64.4 
    	junio     	SENAMHI	0.0 	0.0 	7.5 	4.7 	2.2 	0.0 	5.1 	4.3 	6.1 	3.3 	5.1 	6.3 	0.0 	8.4 	3.2 	0.0 	0.0 	0.0 	5.3 	0.0 	0.0 	0.0 	0.0 	0.0 	0.0 	0.0 	0.0 	0.0 	0.0 	0.0 	    	61.5 
    	julio     	SENAMHI	0.0 	0.0 	0.0 	7.2 	0.0 	6.3 	8.2 	0.0 	0.0 	0.0 	0.0 	0.0 	0.0 	0.0 	0.0 	0.0 	8.2 	0.0 	12.3	7.7 	5.3 	0.0 	0.0 	0.0 	3.3 	0.0 	0.0 	0.0 	0.0 	0.0 	10.2	68.7 
    	agosto    	SENAMHI	14.3	8.1 	0.0 	0.0 	3.2 	0.0 	0.0 	0.0 	0.0 	0.0 	0.0 	8.1 	11.4	0.0 	9.2 	8.5 	6.3 	5.5 	0.0 	0.0 	12.4	0.0 	0.0 	0.0 	0.0 	10.0	0.0 	0.0 	0.0 	0.0 	10.4	107.4
    	septiembre	SENAMHI	8.6 	9.2 	6.8 	7.0 	0.0 	0.0 	0.0 	0.0 	0.0 	0.0 	0.0 	0.0 	0.0 	0.0 	0.0 	0.0 	4.5 	0.0 	10.1	9.2 	14.3	10.0	8.7 	9.4 	0.0 	6.5 	12.0	15.2	16.5	19.2	    	167.2
    	octubre   	SENAMHI	22.2	0.0 	0.0 	0.0 	0.0 	0.0 	0.0 	0.0 	0.0 	0.0 	0.0 	0.0 	8.2 	0.0 	0.0 	0.0 	0.0 	12.2	6.3 	10.0	0.0 	0.0 	15.2	9.4 	0.0 	6.2 	9.9 	11.2	9.0 	0.0 	8.8 	128.6
    	noviembre 	SENAMHI	0.0 	16.1	22.5	19.4	0.0 	0.0 	0.0 	0.0 	0.0 	0.0 	0.0 	5.1 	0.0 	0.0 	15.4	21.1	12.8	28.0	19.5	0.0 	0.0 	0.0 	0.0 	6.1 	4.2 	0.0 	0.0 	0.0 	0.0 	0.0 	    	170.2
    	diciembre 	SENAMHI	0.0 	0.0 	0.0 	0.0 	8.1 	0.0 	0.0 	0.0 	0.0 	4.2 	0.0 	0.0 	0.0 	0.0 	0.0 	0.0 	0.0 	0.0 	5.5 	0.0 	0.0 	8.2 	7.1 	0.0 	12.8	0.0 	5.7 	11.5	13.8	3.3 	9.2 	89.4 
1966	enero     	SENAMHI	0.0 	0.0 	0.3 	0.0 	0.0 	0.0 	0.0 	0.0 	2.3 	0.0 	0.0 	0.0 	0.0 	0.0 	0.0 	5.6 	0.0 	0.0 	0.0 	0.0 	0.0 	0.0 	0.0 	0.0 	0.0 	0.0 	0.0 	0.0 	0.0 	5.8 	0.0 	14.0 
    	febrero   	SENAMHI	6.1 	0.0 	0.0 	0.0 	0.0 	0.0 	0.0 	0.0 	0.0 	0.0 	0.0 	0.0 	0.0 	0.0 	0.0 	0.0 	0.0 	0.0 	0.0 	0.0 	0.0 	0.0 	0.0 	0.0 	0.0 	0.0 	0.0 	0.0 	    	    	    	6.1  
    	marzo     	SENAMHI	0.0 	0.0 	0.0 	0.0 	0.0 	0.0 	0.0 	0.0 	0.0 	0.0 	0.0 	0.0 	0.0 	0.0 	0.0 	0.0 	0.0 	0.0 	0.0 	0.0 	0.0 	0.0 	0.0 	0.0 	0.0 	0.0 	0.0 	0.0 	0.0 	0.0 	0.0 	0.0  
    	abril     	SENAMHI	0.0 	0.0 	0.0 	0.0 	0.0 	0.0 	0.0 	0.0 	0.0 	0.0 	0.0 	0.0 	0.0 	0.0 	0.0 	0.0 	0.0 	0.2 	0.0 	0.0 	0.0 	0.0 	0.0 	0.2 	0.0 	0.0 	0.0 	1.4 	0.0 	0.0 	    	1.8  
    	mayo      	SENAMHI	0.0 	0.0 	0.0 	0.0 	0.0 	0.0 	0.0 	0.0 	0.0 	0.0 	0.0 	4.1 	5.4 	0.0 	0.0 	0.0 	0.0 	0.0 	0.0 	0.0 	6.1 	0.0 	0.0 	0.0 	0.0 	0.0 	0.0 	0.0 	0.0 	9.2 	3.1 	27.9 
    	junio     	SENAMHI	0.0 	4.1 	0.0 	0.0 	0.0 	12.1	0.0 	0.0 	0.0 	0.0 	0.0 	0.0 	8.3 	0.0 	9.2 	0.0 	0.0 	19.0	0.0 	0.0 	0.0 	9.7 	0.0 	12.2	0.0 	0.0 	0.0 	0.0 	0.0 	0.0 	    	74.6 
    	julio     	SENAMHI	0.0 	0.0 	0.0 	0.0 	0.0 	0.0 	0.0 	0.0 	0.0 	0.0 	0.0 	0.0 	0.0 	4.1 	0.0 	0.0 	0.0 	0.0 	6.1 	0.0 	0.0 	3.2 	0.0 	0.0 	0.0 	4.6 	0.0 	0.0 	11.9	0.0 	0.0 	29.9 
    	agosto    	SENAMHI	0.0 	0.0 	0.0 	0.0 	0.0 	0.0 	0.0 	0.0 	8.8 	0.0 	0.0 	0.0 	0.0 	14.2	0.0 	0.0 	0.0 	0.0 	0.0 	0.0 	9.1 	0.0 	0.0 	0.0 	0.0 	8.2 	0.0 	0.0 	0.0 	0.0 	0.0 	40.3 
    	septiembre	SENAMHI	0.0 	0.0 	8.6 	0.0 	0.0 	0.0 	12.4	0.0 	0.0 	11.2	0.0 	0.0 	0.0 	0.0 	4.2 	12.0	13.5	0.0 	0.0 	0.0 	2.3 	0.0 	4.2 	8.2 	0.0 	4.4 	0.0 	5.2 	9.9 	5.1 	    	101.2
    	octubre   	SENAMHI	2.2 	14.0	0.0 	0.2 	18.2	13.6	12.2	0.0 	10.2	8.7 	10.1	0.0 	22.2	16.3	0.0 	8.8 	0.0 	30.5	18.2	23.1	0.0 	0.3 	15.9	10.1	13.5	0.0 	7.1 	0.0 	0.0 	8.8 	0.4 	264.6
    	noviembre 	SENAMHI	14.6	0.4 	26.4	0.0 	14.9	0.0 	25.4	0.0 	0.0 	10.4	19.7	6.0 	0.0 	12.6	12.2	23.1	0.0 	21.2	4.5 	10.8	20.8	0.0 	6.2 	0.0 	8.1 	3.2 	0.0 	19.0	9.2 	0.0 	    	268.7
    	diciembre 	SENAMHI	3.9 	0.0 	0.0 	0.0 	0.0 	0.2 	0.0 	0.0 	9.1 	10.5	15.4	18.8	0.4 	0.0 	0.0 	19.5	22.2	19.8	0.0 	0.0 	0.0 	0.0 	0.0 	0.0 	0.0 	0.3 	5.3 	0.0 	8.8 	15.1	4.2 	153.5
1967	enero     	SENAMHI	0.0 	0.0 	0.2 	8.2 	0.0 	14.6	12.2	7.8 	15.0	0.3 	0.0 	15.5	0.4 	0.0 	0.0 	7.7 	18.1	12.2	16.0	10.5	0.3 	0.0 	8.8 	5.2 	6.3 	19.2	0.0 	0.4 	6.3 	13.4	16.2	214.8
    	febrero   	SENAMHI	18.2	15.9	11.0	0.0 	24.1	16.4	0.0 	25.6	4.5 	0.3 	21.0	6.5 	10.5	16.3	9.4 	6.5 	12.6	6.6 	4.2 	0.0 	0.4 	9.7 	19.8	8.5 	9.7 	12.5	0.0 	15.2	    	    	    	285.4
    	marzo     	SENAMHI	15.0	13.1	18.2	9.8 	0.0 	3.3 	22.2	20.5	19.4	0.0 	0.0 	29.8	16.1	9.5 	3.1 	15.0	21.4	0.5 	11.9	24.6	0.0 	6.0 	9.2 	18.8	0.0 	9.8 	6.2 	0.5 	0.0 	0.4 	3.3 	307.6
    	abril     	SENAMHI	8.0 	4.2 	4.1 	0.4 	0.0 	0.0 	0.2 	0.3 	0.0 	0.0 	0.0 	0.5 	2.4 	5.3 	0.0 	0.4 	2.6 	0.0 	0.0 	5.6 	0.0 	0.0 	0.0 	0.3 	0.5 	0.0 	0.0 	0.0 	0.0 	0.0 	    	34.8 
    	mayo      	SENAMHI	0.0 	0.0 	0.0 	0.0 	0.0 	0.0 	0.0 	0.0 	0.0 	0.0 	4.2 	0.0 	0.0 	0.0 	0.5 	0.0 	0.0 	0.0 	8.2 	0.0 	0.0 	0.0 	5.7 	0.0 	0.0 	0.0 	0.0 	0.0 	0.0 	4.2 	8.4 	31.2 
    	junio     	SENAMHI	0.0 	0.0 	0.0 	0.0 	0.0 	0.3 	0.0 	0.0 	10.0	0.0 	0.2 	0.0 	7.0 	0.0 	0.0 	0.0 	0.0 	6.1 	6.2 	0.0 	0.0 	0.0 	0.0 	0.0 	0.0 	0.0 	0.0 	0.0 	0.0 	0.0 	    	29.8 
    	julio     	SENAMHI	0.0 	0.0 	0.0 	0.0 	0.0 	0.0 	0.0 	0.0 	0.0 	0.0 	0.0 	3.1 	4.0 	0.0 	0.0 	0.0 	0.0 	8.0 	0.0 	0.0 	0.0 	0.0 	0.0 	0.0 	2.5 	0.0 	0.0 	0.0 	8.6 	0.0 	0.0 	26.2 
    	agosto    	SENAMHI	0.2 	0.0 	0.0 	0.0 	6.2 	0.0 	0.0 	0.0 	6.8 	0.0 	0.0 	0.0 	0.0 	0.0 	0.0 	0.0 	0.0 	0.0 	13.1	0.0 	5.2 	0.0 	0.0 	0.0 	0.0 	0.0 	0.2 	8.1 	0.0 	0.0 	0.0 	39.8 
    	septiembre	SENAMHI	0.0 	6.8 	0.0 	0.0 	4.1 	10.3	4.3 	0.0 	0.0 	0.4 	0.0 	10.4	0.0 	0.0 	0.2 	0.0 	0.0 	20.8	4.4 	0.0 	0.3 	0.0 	0.0 	3.3 	0.0 	0.0 	4.2 	0.0 	11.0	6.1 	    	86.6 
    	octubre   	SENAMHI	0.0 	7.7 	10.4	17.1	0.3 	0.0 	0.5 	13.3	0.0 	0.0 	9.4 	0.0 	0.0 	10.2	17.6	4.4 	0.0 	0.0 	9.2 	0.0 	14.0	12.3	5.7 	9.2 	0.0 	0.0 	0.0 	0.3 	0.0 	0.0 	0.0 	141.6
    	noviembre 	SENAMHI	0.0 	0.0 	0.0 	0.0 	7.2 	0.0 	0.0 	0.0 	0.0 	0.0 	10.1	0.0 	0.0 	0.0 	0.0 	0.0 	12.4	19.6	23.8	17.9	0.3 	0.0 	0.0 	0.0 	0.0 	5.7 	9.7 	14.2	7.8 	0.3 	    	129.0
    	diciembre 	SENAMHI	0.2 	0.0 	0.0 	0.0 	17.0	9.7 	6.5 	7.4 	10.2	5.1 	0.3 	0.0 	0.0 	0.0 	0.0 	0.0 	0.0 	0.2 	9.0 	11.5	4.2 	5.3 	0.2 	0.0 	0.0 	0.0 	14.8	0.0 	0.3 	0.0 	0.0 	101.9
1968	enero     	SENAMHI	0.0 	8.2 	10.7	6.2 	0.0 	0.0 	12.8	6.2 	0.0 	0.0 	0.3 	7.9 	9.5 	14.5	0.0 	0.2 	0.0 	11.9	8.2 	0.0 	0.4 	0.0 	0.2 	0.0 	0.0 	0.0 	0.0 	0.0 	7.0 	10.4	0.0 	114.6
    	febrero   	SENAMHI	11.1	9.8 	6.2 	17.8	0.0 	0.3 	6.0 	0.0 	4.2 	0.4 	6.3 	10.2	0.0 	14.8	9.7 	0.0 	0.0 	0.0 	7.1 	11.8	0.0 	4.1 	0.0 	0.3 	0.0 	0.0 	0.0 	6.2 	8.0 	    	    	134.3
    	marzo     	SENAMHI	0.4 	0.0 	0.0 	0.0 	6.0 	10.5	6.8 	0.3 	0.0 	0.0 	2.9 	3.1 	12.8	6.5 	0.0 	0.0 	0.3 	0.0 	0.0 	4.0 	4.5 	16.2	0.0 	0.0 	0.0 	0.0 	3.2 	10.0	4.4 	0.2 	0.0 	92.1 
    	abril     	SENAMHI	0.3 	3.5 	0.0 	0.0 	4.6 	6.7 	0.0 	3.2 	0.0 	0.0 	0.0 	0.0 	0.0 	0.0 	0.0 	0.0 	0.0 	0.3 	0.0 	0.0 	0.0 	0.0 	0.0 	4.0 	0.0 	0.0 	0.0 	0.0 	0.0 	0.0 	    	22.6 
    	mayo      	SENAMHI	0.0 	0.0 	0.0 	0.0 	0.0 	0.0 	1.5 	0.0 	0.0 	0.0 	0.0 	0.0 	0.0 	0.0 	0.0 	0.0 	0.0 	0.0 	0.0 	0.0 	0.0 	0.0 	0.0 	0.0 	0.0 	0.0 	0.0 	0.0 	0.0 	0.0 	0.0 	1.5  
    	junio     	SENAMHI	0.0 	0.0 	0.0 	0.0 	0.0 	0.0 	0.4 	0.0 	0.0 	4.2 	0.0 	0.0 	0.0 	0.0 	0.3 	3.6 	0.0 	0.0 	0.0 	0.0 	0.0 	0.0 	0.0 	0.0 	0.0 	0.0 	0.0 	0.0 	0.0 	0.0 	    	8.5  
    	julio     	SENAMHI	0.0 	0.0 	0.0 	0.0 	0.0 	6.4 	0.0 	0.0 	0.0 	0.0 	0.0 	4.1 	0.0 	0.0 	0.0 	0.0 	0.0 	5.6 	0.0 	0.0 	0.0 	0.0 	0.0 	0.0 	0.0 	0.0 	0.0 	0.0 	0.0 	0.0 	0.0 	16.1 
    	agosto    	SENAMHI	0.0 	0.0 	0.0 	0.0 	0.0 	0.0 	0.0 	0.0 	0.0 	0.0 	0.0 	0.0 	0.0 	0.0 	0.0 	0.0 	0.0 	0.0 	0.0 	0.0 	0.0 	0.0 	0.0 	0.0 	0.0 	0.0 	0.0 	0.3 	0.0 	0.0 	0.0 	0.3  
    	septiembre	SENAMHI	0.0 	0.0 	1.1 	0.8 	0.0 	0.0 	0.0 	0.0 	0.0 	0.0 	0.0 	0.4 	2.3 	3.1 	0.0 	0.0 	0.0 	0.0 	0.0 	0.0 	0.0 	0.4 	4.3 	0.0 	0.0 	0.0 	0.0 	0.0 	0.0 	0.2 	    	12.6 
    	octubre   	SENAMHI	0.3 	3.2 	5.1 	0.0 	0.0 	0.4 	4.1 	0.0 	0.0 	2.5 	5.6 	4.9 	0.5 	0.0 	0.0 	0.0 	5.8 	2.5 	16.3	0.3 	0.0 	0.0 	0.4 	0.0 	3.8 	2.9 	0.3 	0.0 	0.0 	0.0 	0.4 	59.3 
    	noviembre 	SENAMHI	0.0 	0.0 	2.0 	5.6 	4.5 	3.2 	0.0 	0.0 	0.0 	3.8 	5.0 	7.2 	0.0 	0.0 	6.2 	0.0 	2.0 	6.5 	0.0 	0.0 	0.0 	0.0 	0.0 	0.0 	0.0 	2.2 	0.0 	0.0 	0.0 	0.0 	    	48.2 
    	diciembre 	SENAMHI	0.0 	0.0 	0.0 	0.0 	0.0 	0.0 	0.0 	0.0 	3.2 	0.0 	0.0 	0.0 	0.0 	0.0 	0.0 	0.0 	0.0 	0.0 	0.0 	0.0 	0.3 	0.0 	0.0 	0.0 	0.0 	0.0 	0.0 	0.0 	0.0 	0.0 	0.0 	3.5  
1969	enero     	SENAMHI	0.0 	0.0 	0.2 	3.4 	5.7 	0.0 	0.0 	0.0 	0.0 	0.0 	0.0 	0.4 	0.3 	7.2 	5.1 	0.0 	0.0 	0.3 	0.0 	0.0 	0.0 	0.0 	0.0 	0.0 	5.0 	6.2 	0.3 	9.2 	0.0 	0.0 	0.0 	43.3 
    	febrero   	SENAMHI	0.0 	0.0 	0.0 	4.0 	3.7 	0.0 	2.6 	2.4 	0.0 	0.0 	0.0 	0.0 	6.8 	8.4 	4.1 	0.3 	0.0 	0.0 	4.2 	0.0 	0.0 	0.0 	0.2 	2.4 	9.8 	3.2 	0.0 	0.0 	    	    	    	52.1 
    	marzo     	SENAMHI	0.4 	0.0 	0.0 	3.2 	4.0 	0.0 	0.0 	0.0 	0.0 	0.3 	6.2 	7.1 	5.2 	8.0 	0.0 	0.0 	0.0 	0.2 	0.4 	5.2 	0.0 	0.0 	0.0 	0.3 	0.0 	0.0 	0.0 	0.4 	0.0 	0.4 	0.0 	41.3 
    	mayo      	SENAMHI	0.0 	0.0 	0.0 	0.0 	0.0 	0.0 	0.0 	0.0 	0.0 	0.3 	0.0 	4.4 	0.0 	0.0 	0.0 	4.3 	0.0 	0.0 	0.2 	0.0 	0.3 	2.6 	0.0 	0.0 	0.0 	0.0 	0.0 	0.0 	0.0 	0.2 	0.0 	12.3 
    	junio     	SENAMHI	3.2 	0.0 	0.0 	0.0 	0.0 	0.0 	0.0 	0.0 	0.0 	6.1 	0.2 	0.0 	0.0 	0.0 	0.0 	0.0 	0.0 	0.0 	0.0 	0.0 	4.2 	0.0 	0.0 	0.0 	0.0 	0.0 	0.0 	0.0 	0.0 	0.0 	    	13.7 
    	julio     	SENAMHI	0.0 	0.0 	0.0 	0.0 	0.0 	0.0 	0.0 	0.0 	0.0 	0.0 	0.0 	0.0 	0.0 	0.0 	0.0 	0.0 	0.0 	0.0 	0.0 	0.0 	0.0 	0.0 	0.0 	0.0 	0.0 	0.0 	0.0 	0.0 	0.0 	4.4 	0.0 	4.4  
    	agosto    	SENAMHI	0.0 	4.1 	0.0 	5.0 	0.0 	0.0 	0.0 	0.0 	0.0 	6.2 	0.0 	0.0 	0.0 	7.1 	0.0 	0.0 	0.0 	0.0 	0.3 	2.2 	0.0 	5.2 	7.5 	0.0 	0.0 	0.0 	0.0 	6.5 	0.4 	8.9 	0.0 	53.4 
    	septiembre	SENAMHI	7.0 	0.0 	0.4 	3.2 	5.1 	0.0 	6.0 	0.0 	0.0 	0.0 	0.0 	3.0 	4.2 	8.2 	11.8	6.6 	0.0 	0.0 	0.0 	0.0 	0.0 	7.0 	0.0 	0.0 	0.0 	0.2 	5.7 	0.0 	0.0 	0.0 	    	68.4 
    	octubre   	SENAMHI	0.0 	8.3 	11.6	0.0 	0.0 	5.3 	0.0 	2.3 	0.0 	0.0 	7.5 	3.3 	10.3	0.2 	0.0 	0.0 	4.0 	0.0 	0.0 	0.0 	3.6 	0.0 	4.0 	3.2 	0.0 	0.0 	0.0 	0.0 	0.2 	0.0 	0.0 	63.8 
    	noviembre 	SENAMHI	0.0 	0.0 	0.0 	0.0 	0.0 	5.8 	2.2 	0.0 	0.0 	0.0 	3.9 	2.5 	0.0 	0.0 	2.3 	4.9 	1.8 	0.0 	0.0 	0.0 	3.1 	0.0 	3.4 	4.1 	3.0 	0.0 	0.0 	6.2 	5.1 	7.6 	    	55.9 
    	diciembre 	SENAMHI	6.2 	9.1 	3.9 	3.3 	6.3 	0.3 	0.0 	3.2 	8.4 	5.0 	7.5 	3.0 	5.8 	0.0 	6.3 	8.2 	0.0 	0.0 	3.6 	20.2	8.2 	9.1 	4.2 	5.1 	0.0 	0.0 	6.6 	8.8 	7.0 	4.6 	9.0 	162.9
1970	enero     	SENAMHI	9.1 	10.2	4.3 	0.0 	0.0 	5.5 	4.6 	8.6 	3.9 	0.0 	1.4 	0.3 	4.1 	6.0 	5.1 	3.0 	0.0 	0.0 	3.2 	0.0 	0.0 	6.2 	5.8 	7.2 	5.5 	0.0 	4.0 	4.2 	0.0 	0.3 	6.1 	108.6
    	febrero   	SENAMHI	9.0 	6.2 	7.1 	0.0 	3.5 	6.4 	0.0 	0.0 	0.0 	2.3 	0.0 	8.5 	7.4 	7.1 	0.3 	9.5 	5.8 	0.0 	0.0 	3.1 	0.0 	0.0 	6.2 	0.0 	0.0 	0.0 	0.0 	0.0 	    	    	    	82.4 
    	marzo     	SENAMHI	0.0 	0.0 	0.0 	0.0 	0.0 	0.0 	0.0 	10.4	6.7 	7.0 	5.1 	0.0 	4.0 	2.8 	6.7 	0.3 	1.9 	6.0 	0.5 	0.0 	9.9 	0.0 	0.0 	0.0 	3.2 	4.1 	0.0 	0.0 	0.0 	0.3 	3.1 	72.0 
    	abril     	SENAMHI	3.0 	0.0 	0.0 	0.0 	8.1 	9.0 	0.0 	0.0 	0.0 	0.0 	0.0 	0.0 	0.0 	0.4 	0.0 	4.0 	2.8 	0.0 	0.0 	0.6 	9.3 	0.0 	0.0 	0.0 	0.0 	0.0 	1.6 	2.0 	0.0 	0.0 	    	40.8 
    	mayo      	SENAMHI	0.3 	0.0 	1.6 	2.0 	0.0 	0.0 	0.0 	0.0 	4.2 	3.9 	0.4 	0.0 	2.8 	3.1 	0.0 	0.0 	5.1 	0.0 	5.3 	1.3 	0.0 	0.0 	0.0 	0.0 	0.0 	0.4 	0.0 	0.0 	0.0 	0.0 	0.0 	30.4 
    	junio     	SENAMHI	0.0 	0.0 	0.0 	0.0 	2.4 	0.0 	0.0 	0.0 	0.0 	0.0 	0.0 	0.0 	1.5 	0.0 	0.0 	0.0 	6.1 	0.0 	0.0 	0.0 	0.0 	0.0 	0.0 	0.0 	0.0 	0.0 	0.0 	0.0 	0.0 	0.0 	    	10.0 
    	julio     	SENAMHI	0.0 	0.0 	0.0 	0.0 	0.0 	0.0 	0.0 	0.0 	0.0 	0.0 	0.0 	0.0 	0.0 	4.5 	0.0 	0.0 	0.0 	0.0 	0.0 	0.0 	0.0 	0.0 	0.0 	0.0 	0.0 	0.0 	0.0 	0.0 	0.0 	0.0 	0.0 	4.5  
    	agosto    	SENAMHI	0.0 	0.0 	0.0 	0.0 	0.0 	3.2 	0.0 	0.0 	0.0 	0.0 	9.2 	0.0 	0.0 	0.0 	0.0 	0.0 	0.0 	0.0 	0.0 	0.0 	0.0 	0.0 	0.0 	3.0 	0.0 	0.0 	9.8 	0.0 	5.5 	0.0 	0.0 	30.7 
    	septiembre	SENAMHI	0.0 	0.0 	4.9 	0.0 	0.0 	0.0 	0.0 	0.3 	1.5 	0.0 	9.1 	16.4	0.0 	0.0 	7.0 	13.1	3.8 	2.3 	3.0 	0.0 	12.2	0.0 	0.0 	12.0	2.9 	3.1 	2.1 	6.2 	0.2 	5.8 	    	105.9
    	octubre   	SENAMHI	2.0 	0.0 	0.0 	0.0 	6.9 	3.2 	2.0 	0.0 	0.0 	0.0 	12.1	1.4 	8.6 	7.2 	0.0 	5.9 	15.8	7.2 	3.0 	0.0 	0.0 	1.9 	0.0 	0.0 	0.0 	0.0 	0.0 	0.0 	0.0 	7.1 	5.6 	89.9 
    	noviembre 	SENAMHI	0.0 	0.0 	1.9 	0.0 	0.0 	4.0 	0.0 	6.1 	7.6 	0.0 	2.4 	6.0 	8.2 	5.2 	3.1 	0.0 	1.4 	6.2 	0.0 	0.0 	0.2 	0.0 	8.3 	0.0 	6.1 	0.0 	3.1 	0.0 	0.0 	4.0 	    	73.8 
    	diciembre 	SENAMHI	8.1 	0.0 	0.2 	6.2 	3.0 	9.1 	0.0 	6.7 	0.0 	0.0 	10.2	0.0 	1.9 	9.6 	0.0 	0.0 	0.0 	0.0 	0.0 	0.0 	0.0 	0.0 	0.4 	2.5 	1.9 	0.0 	10.2	0.0 	12.4	3.2 	0.0 	85.6 
1971	enero     	SENAMHI	0.0 	0.0 	9.1 	0.0 	0.0 	10.0	0.0 	12.8	0.0 	0.0 	8.2 	0.0 	4.1 	0.0 	0.0 	5.9 	0.0 	3.2 	5.2 	0.0 	0.0 	0.0 	14.1	0.0 	9.9 	0.0 	0.0 	0.0 	7.8 	10.8	3.2 	104.3
    	febrero   	SENAMHI	0.0 	6.1 	0.0 	11.9	4.1 	8.8 	8.3 	5.0 	0.0 	0.0 	1.9 	1.9 	0.0 	2.5 	2.0 	16.2	6.0 	14.2	8.7 	10.8	15.1	9.0 	10.5	13.9	14.1	0.0 	4.4 	10.7	    	    	    	186.1
    	marzo     	SENAMHI	0.0 	0.7 	3.2 	5.8 	6.0 	0.0 	5.3 	3.0 	4.4 	0.0 	8.0 	0.0 	12.1	2.2 	5.0 	0.0 	0.0 	0.0 	6.0 	0.0 	6.2 	0.0 	2.7 	3.1 	3.5 	8.4 	4.2 	0.0 	0.3 	0.0 	2.0 	92.1 
    	abril     	SENAMHI	0.0 	1.6 	4.2 	0.0 	0.0 	0.0 	0.0 	0.0 	0.0 	0.0 	0.0 	0.0 	0.0 	0.0 	0.0 	0.0 	0.0 	0.0 	0.0 	2.0 	0.0 	0.0 	0.0 	0.0 	0.0 	0.0 	0.0 	0.0 	0.0 	0.0 	    	7.8  
    	mayo      	SENAMHI	0.0 	0.0 	0.0 	0.0 	0.0 	0.0 	0.0 	0.0 	0.0 	0.0 	0.0 	0.0 	0.0 	0.0 	0.0 	0.0 	0.0 	0.0 	0.0 	0.0 	0.0 	0.0 	0.0 	0.0 	0.0 	0.0 	0.0 	0.0 	0.0 	0.0 	0.0 	0.0  
    	junio     	SENAMHI	0.0 	0.0 	0.0 	0.0 	0.0 	0.0 	0.0 	0.0 	0.0 	0.0 	0.0 	0.0 	0.0 	0.0 	0.0 	0.0 	0.0 	0.0 	0.0 	0.0 	0.0 	0.0 	0.0 	0.0 	0.0 	0.0 	0.0 	0.0 	0.0 	0.0 	    	0.0  
    	julio     	SENAMHI	0.0 	0.0 	0.0 	0.0 	0.0 	0.0 	0.0 	0.0 	0.0 	0.0 	0.0 	0.0 	0.0 	0.0 	0.0 	0.0 	0.0 	0.0 	0.0 	0.0 	0.0 	0.0 	0.0 	0.0 	0.0 	0.0 	0.0 	0.0 	0.0 	0.0 	0.0 	0.0  
    	agosto    	SENAMHI	0.0 	0.0 	0.0 	0.0 	0.0 	0.0 	0.0 	2.3 	0.0 	0.0 	0.0 	0.0 	0.0 	0.0 	0.0 	0.0 	0.0 	0.0 	0.0 	0.3 	0.0 	0.0 	0.0 	0.0 	0.0 	3.3 	0.0 	0.0 	0.0 	0.0 	0.0 	5.9  
    	septiembre	SENAMHI	0.0 	1.9 	2.2 	0.0 	0.0 	0.0 	0.0 	0.0 	9.2 	0.0 	0.0 	0.0 	0.0 	0.0 	7.1 	0.0 	0.0 	2.0 	0.0 	0.0 	1.3 	0.4 	0.0 	0.0 	0.0 	0.0 	1.9 	0.0 	0.0 	1.6 	    	27.6 
    	octubre   	SENAMHI	0.0 	0.0 	0.0 	0.0 	0.0 	4.1 	0.0 	0.0 	0.0 	0.0 	0.0 	0.0 	0.0 	0.0 	0.0 	0.0 	0.0 	0.0 	0.0 	0.0 	0.0 	6.5 	9.3 	0.0 	0.0 	10.5	0.0 	8.2 	0.0 	0.0 	6.2 	44.8 
    	noviembre 	SENAMHI	1.5 	9.9 	0.0 	0.0 	0.0 	13.1	0.0 	0.0 	14.2	0.0 	0.0 	0.0 	12.0	0.0 	0.0 	0.0 	0.0 	0.0 	9.8 	0.0 	0.0 	0.0 	0.0 	0.0 	6.0 	0.0 	0.0 	5.2 	4.1 	3.0 	    	78.8 
    	diciembre 	SENAMHI	2.0 	4.4 	0.0 	0.0 	4.1 	0.0 	0.0 	5.1 	4.2 	7.3 	0.0 	0.0 	0.0 	0.0 	2.2 	0.0 	0.0 	0.0 	0.0 	0.0 	0.0 	3.8 	4.0 	5.7 	0.0 	0.0 	5.0 	8.2 	6.3 	0.0 	0.0 	62.3 
1972	enero     	SENAMHI	8.0 	12.4	0.3 	5.7 	0.0 	4.6 	0.0 	0.0 	0.3 	0.0 	0.0 	6.7 	10.5	15.2	6.1 	0.0 	0.0 	0.0 	0.0 	0.0 	4.2 	4.4 	0.0 	0.0 	0.0 	0.0 	0.5 	0.0 	0.0 	2.0 	0.0 	80.9 
    	febrero   	SENAMHI	6.2 	9.0 	0.0 	0.0 	7.7 	6.2 	0.0 	0.0 	11.2	0.0 	0.0 	0.0 	0.0 	0.0 	0.0 	0.0 	0.0 	0.0 	0.0 	0.0 	0.9 	5.2 	0.0 	0.3 	0.0 	9.0 	5.9 	0.0 	0.0 	    	    	61.6 
    	marzo     	SENAMHI	10.0	7.2 	0.0 	0.0 	12.5	7.0 	0.0 	4.2 	8.7 	3.2 	0.0 	11.5	0.0 	7.8 	9.3 	0.4 	0.0 	2.2 	0.0 	5.8 	0.0 	4.4 	2.7 	0.0 	0.0 	0.0 	5.2 	7.1 	12.0	0.0 	1.8 	123.0
    	abril     	SENAMHI	0.0 	2.8 	0.0 	0.0 	0.0 	0.0 	0.0 	0.0 	0.0 	3.0 	0.4 	0.0 	0.0 	1.9 	0.0 	0.0 	0.0 	0.0 	0.0 	0.0 	0.0 	0.0 	0.5 	6.1 	0.0 	0.0 	0.0 	0.0 	0.0 	0.3 	    	15.0 
    	mayo      	SENAMHI	0.0 	0.0 	0.0 	0.0 	0.0 	0.0 	0.0 	0.0 	0.0 	0.0 	0.0 	0.0 	0.0 	0.0 	0.0 	0.0 	0.0 	0.0 	0.0 	0.0 	0.0 	0.0 	0.0 	0.0 	0.0 	0.0 	0.0 	0.0 	0.0 	0.0 	0.0 	0.0  
    	junio     	SENAMHI	0.0 	0.0 	0.5 	0.0 	2.0 	0.0 	0.0 	0.0 	0.0 	0.0 	0.0 	4.0 	0.0 	0.5 	0.0 	0.0 	0.0 	0.0 	0.0 	0.0 	3.8 	0.0 	0.0 	0.0 	3.3 	0.0 	0.0 	0.0 	0.0 	0.0 	    	14.1 
    	julio     	SENAMHI	0.0 	0.0 	0.0 	0.0 	0.0 	0.0 	0.0 	0.0 	0.0 	0.0 	3.0 	0.0 	2.6 	0.0 	0.0 	0.0 	0.0 	0.0 	0.0 	7.5 	0.0 	4.4 	0.0 	0.0 	0.0 	0.3 	0.0 	3.9 	0.0 	0.4 	0.0 	22.1 
    	agosto    	SENAMHI	0.0 	0.0 	0.0 	0.0 	3.1 	0.0 	0.0 	0.0 	0.0 	0.0 	6.2 	0.0 	0.0 	2.3 	0.0 	0.0 	0.0 	0.0 	0.0 	0.0 	0.0 	0.0 	0.0 	0.0 	2.0 	0.0 	0.0 	7.1 	3.1 	0.0 	0.0 	23.8 
    	septiembre	SENAMHI	5.2 	0.0 	0.0 	0.0 	0.0 	0.0 	7.3 	8.1 	0.0 	0.0 	8.0 	6.1 	0.3 	0.9 	0.0 	0.0 	0.0 	0.0 	0.4 	1.0 	5.6 	0.0 	1.4 	1.5 	0.0 	0.0 	0.0 	3.9 	2.8 	6.0 	    	58.5 
    	octubre   	SENAMHI	0.0 	0.0 	1.9 	5.9 	6.2 	9.8 	0.0 	0.0 	0.0 	1.5 	5.0 	7.1 	4.9 	5.1 	0.0 	0.0 	0.0 	6.1 	4.2 	0.0 	14.0	0.0 	2.0 	0.0 	0.0 	4.0 	6.3 	5.0 	7.6 	0.4 	9.3 	106.3
    	noviembre 	SENAMHI	0.0 	0.0 	0.0 	2.0 	5.7 	10.5	0.0 	0.0 	0.0 	3.2 	0.0 	5.2 	10.3	0.0 	0.0 	0.3 	1.6 	0.0 	6.0 	3.3 	0.0 	7.9 	5.3 	6.2 	0.0 	0.0 	8.3 	0.0 	0.0 	5.8 	    	81.6 
    	diciembre 	SENAMHI	0.0 	0.0 	0.0 	11.0	9.4 	2.2 	4.9 	0.0 	0.0 	2.0 	0.0 	0.0 	4.4 	5.7 	2.2 	0.0 	0.0 	0.4 	0.0 	0.0 	0.0 	0.0 	1.0 	0.0 	0.0 	0.0 	0.0 	5.5 	0.0 	2.2 	1.9 	52.8 
1973	enero     	SENAMHI	4.1 	3.9 	0.0 	0.0 	0.0 	0.3 	6.1 	4.9 	6.4 	0.0 	0.0 	0.0 	0.0 	0.0 	0.0 	4.2 	9.7 	0.0 	0.0 	0.0 	10.0	0.0 	4.9 	0.0 	0.0 	11.0	0.0 	1.9 	0.0 	2.6 	3.1 	73.1 
    	febrero   	SENAMHI	8.0 	5.1 	3.3 	0.0 	0.0 	1.4 	0.0 	0.0 	0.0 	0.0 	6.1 	1.8 	0.0 	6.2 	2.0 	0.0 	0.0 	9.1 	0.0 	6.0 	7.2 	0.0 	0.5 	2.2 	0.0 	0.0 	8.8 	6.9 	    	    	    	74.6 
    	marzo     	SENAMHI	0.0 	3.0 	6.1 	1.9 	0.0 	0.0 	3.8 	0.0 	11.2	0.0 	3.5 	2.9 	0.0 	0.0 	0.0 	0.0 	7.1 	0.0 	0.0 	2.0 	0.0 	0.0 	0.0 	4.1 	0.0 	3.0 	6.9 	0.0 	0.0 	4.2 	8.1 	67.8 
    	abril     	SENAMHI	3.0 	5.1 	0.0 	0.0 	0.0 	0.0 	0.0 	0.0 	0.0 	1.9 	0.0 	5.1 	0.0 	0.0 	0.0 	0.0 	0.0 	2.9 	0.0 	0.0 	0.0 	0.0 	0.0 	0.0 	0.0 	2.1 	0.0 	0.0 	0.0 	0.0 	    	20.1 
    	mayo      	SENAMHI	0.0 	0.0 	0.0 	0.0 	0.0 	0.0 	0.0 	0.0 	0.0 	1.2 	0.0 	0.0 	0.0 	0.5 	0.0 	0.0 	0.0 	0.0 	0.0 	0.0 	0.0 	0.0 	0.0 	0.0 	0.0 	0.0 	0.0 	0.0 	0.0 	0.0 	0.0 	1.7  
    	junio     	SENAMHI	0.0 	0.0 	0.0 	2.1 	0.0 	0.0 	0.0 	3.3 	0.0 	0.0 	0.0 	0.0 	0.0 	0.0 	0.0 	0.0 	0.0 	0.0 	0.0 	0.0 	4.1 	0.0 	0.0 	0.0 	2.2 	0.0 	0.0 	0.0 	0.0 	0.0 	    	11.7 
    	julio     	SENAMHI	0.0 	0.0 	4.1 	9.1 	0.0 	0.0 	0.0 	0.0 	0.0 	0.0 	0.0 	0.0 	7.8 	0.0 	0.0 	0.0 	0.0 	0.0 	0.0 	0.0 	0.0 	7.0 	0.0 	0.0 	3.1 	0.0 	0.0 	8.2 	10.8	0.0 	0.0 	50.1 
    	agosto    	SENAMHI	6.1 	0.0 	0.0 	8.2 	0.0 	0.0 	0.0 	0.0 	0.0 	0.0 	0.0 	10.2	0.0 	0.0 	0.0 	5.4 	0.0 	6.7 	0.0 	0.0 	5.7 	3.1 	0.0 	0.0 	0.0 	0.0 	0.0 	11.0	0.0 	0.0 	0.0 	56.4 
    	septiembre	SENAMHI	0.0 	5.8 	4.6 	3.5 	0.3 	0.0 	0.0 	0.0 	0.0 	6.1 	0.0 	0.0 	8.1 	0.0 	9.0 	0.0 	10.0	0.0 	0.0 	0.0 	14.1	0.0 	1.9 	0.0 	17.6	4.0 	0.0 	0.0 	0.0 	3.1 	    	88.1 
    	octubre   	SENAMHI	0.0 	0.0 	9.6 	9.9 	0.0 	0.0 	12.1	6.0 	0.0 	5.2 	0.0 	2.0 	1.2 	0.0 	0.0 	9.2 	0.0 	0.0 	8.1 	0.0 	5.1 	0.0 	7.3 	6.2 	0.0 	5.0 	7.9 	7.1 	0.0 	1.9 	0.0 	103.8
    	noviembre 	SENAMHI	18.0	7.6 	8.1 	0.0 	12.1	7.4 	16.0	9.4 	3.2 	5.9 	12.2	2.4 	11.0	14.5	0.0 	16.0	0.0 	0.0 	0.7 	0.0 	19.1	0.0 	0.0 	5.2 	0.0 	0.0 	14.7	0.0 	0.0 	0.0 	    	183.5
    	diciembre 	SENAMHI	0.0 	7.2 	0.0 	7.9 	4.5 	0.0 	13.3	0.0 	0.0 	0.0 	14.1	10.9	8.3 	0.0 	0.0 	0.0 	6.1 	11.9	8.2 	0.0 	8.1 	0.0 	7.4 	0.0 	0.0 	0.0 	0.3 	7.2 	9.9 	10.9	0.0 	136.2
1974	enero     	SENAMHI	9.8 	7.9 	10.5	0.0 	4.9 	0.0 	12.8	0.0 	15.0	0.0 	0.0 	15.1	6.2 	9.0 	16.1	0.0 	3.0 	0.0 	0.0 	9.8 	8.9 	0.0 	0.0 	9.8 	3.0 	10.8	16.2	0.0 	6.2 	0.0 	0.0 	175.0
    	febrero   	SENAMHI	0.0 	3.1 	7.1 	0.0 	9.9 	11.0	0.0 	9.8 	0.3 	4.4 	15.1	10.2	0.0 	0.0 	4.2 	0.0 	0.0 	7.2 	10.2	9.6 	8.7 	11.4	0.0 	10.2	3.1 	1.9 	8.4 	5.7 	    	    	    	151.5
    	marzo     	SENAMHI	0.0 	9.1 	7.8 	6.0 	4.3 	0.0 	0.3 	6.4 	0.0 	4.1 	0.0 	0.0 	3.3 	6.1 	0.0 	10.3	15.2	8.0 	0.0 	0.0 	4.4 	2.9 	0.0 	0.0 	1.4 	0.0 	0.4 	0.0 	0.0 	1.4 	0.0 	91.4 
    	abril     	SENAMHI	2.9 	0.0 	1.8 	0.0 	0.0 	0.0 	5.0 	0.0 	3.7 	0.9 	0.0 	0.0 	0.4 	3.9 	7.2 	7.9 	0.0 	1.8 	0.0 	0.0 	4.2 	0.0 	0.4 	0.0 	0.0 	4.7 	0.0 	0.0 	5.0 	0.0 	    	49.8 
    	mayo      	SENAMHI	0.0 	0.0 	0.0 	0.0 	0.0 	0.0 	0.0 	0.0 	0.0 	0.0 	0.3 	0.0 	0.0 	3.1 	0.0 	0.0 	0.0 	0.0 	0.0 	0.0 	0.0 	0.0 	0.0 	0.0 	0.0 	0.0 	2.1 	0.0 	0.0 	0.0 	0.0 	5.5  
    	junio     	SENAMHI	0.0 	0.0 	0.0 	0.0 	0.0 	0.0 	0.0 	0.0 	0.0 	0.0 	0.0 	0.0 	0.0 	0.0 	0.0 	0.0 	0.0 	0.0 	0.0 	0.0 	0.0 	0.0 	0.0 	0.0 	4.0 	2.2 	0.0 	0.0 	0.0 	0.0 	    	6.2  
    	julio     	SENAMHI	0.0 	0.0 	0.0 	0.0 	0.0 	0.0 	0.0 	0.0 	0.0 	0.0 	0.0 	0.0 	0.0 	0.9 	0.0 	0.0 	0.0 	0.0 	0.0 	0.0 	0.0 	0.0 	0.0 	0.0 	0.0 	0.0 	0.0 	0.0 	0.0 	0.0 	0.0 	0.9  
    	agosto    	SENAMHI	0.0 	0.0 	0.0 	0.0 	0.0 	0.4 	6.8 	9.0 	4.1 	0.0 	0.0 	0.0 	0.0 	0.0 	0.5 	0.0 	7.1 	1.9 	10.2	0.0 	2.0 	0.4 	3.1 	0.0 	0.0 	0.0 	0.0 	3.0 	4.1 	0.0 	0.0 	52.6 
    	septiembre	SENAMHI	4.2 	0.0 	0.0 	0.0 	0.0 	7.3 	0.0 	0.0 	0.0 	0.0 	0.0 	3.1 	0.0 	0.0 	0.0 	0.0 	6.8 	0.0 	0.0 	0.0 	0.0 	0.0 	0.0 	0.0 	0.0 	0.0 	0.0 	0.0 	0.0 	0.0 	    	21.4 
    	octubre   	SENAMHI	9.0 	7.2 	0.0 	0.0 	0.0 	8.0 	0.0 	5.0 	0.0 	0.0 	0.0 	4.0 	0.0 	0.0 	7.0 	2.1 	0.0 	0.0 	5.1 	0.0 	4.0 	2.9 	0.4 	2.9 	0.0 	0.0 	0.0 	7.2 	0.0 	9.2 	0.0 	74.0 
    	noviembre 	SENAMHI	0.0 	0.0 	6.5 	7.3 	0.0 	0.0 	0.0 	5.6 	0.0 	1.9 	0.0 	0.0 	0.0 	0.0 	2.0 	3.2 	4.1 	0.0 	1.8 	14.9	16.1	6.4 	0.0 	3.8 	1.5 	1.8 	0.0 	0.0 	0.0 	6.5 	    	83.4 
    	diciembre 	SENAMHI	0.0 	0.0 	0.0 	0.0 	2.9 	4.5 	3.1 	0.0 	0.0 	3.1 	1.4 	0.4 	0.0 	0.0 	0.0 	0.0 	4.0 	2.9 	0.0 	0.0 	9.0 	0.0 	0.0 	4.1 	5.0 	1.2 	0.0 	0.0 	0.0 	3.9 	2.5 	48.0 
1975	enero     	SENAMHI	5.0 	0.0 	3.3 	0.0 	0.0 	6.1 	5.1 	0.0 	0.4 	8.3 	0.0 	6.6 	7.0 	0.0 	0.0 	0.0 	9.2 	0.0 	7.5 	0.0 	0.0 	2.4 	0.0 	5.6 	0.0 	0.0 	0.0 	0.0 	4.2 	0.0 	6.8 	77.5 
    	febrero   	SENAMHI	8.1 	4.4 	0.0 	0.0 	12.9	6.1 	10.5	0.0 	9.9 	7.5 	11.6	0.0 	3.9 	6.3 	3.5 	12.8	0.0 	2.1 	0.0 	3.3 	6.0 	9.0 	0.0 	8.2 	0.5 	0.0 	6.8 	9.1 	    	    	    	142.5
    	marzo     	SENAMHI	0.0 	0.0 	12.1	8.2 	7.8 	0.0 	9.7 	13.0	0.0 	7.0 	10.1	0.0 	9.8 	6.6 	8.3 	0.4 	0.0 	5.9 	0.0 	13.0	0.0 	9.9 	0.0 	0.0 	0.0 	2.2 	7.5 	3.2 	0.0 	15.1	0.0 	149.8
    	abril     	SENAMHI	9.0 	0.0 	7.1 	0.0 	0.0 	0.0 	1.2 	0.8 	0.0 	0.0 	4.3 	0.0 	3.9 	0.0 	0.5 	0.0 	0.0 	6.0 	0.0 	0.0 	2.1 	0.0 	0.0 	1.4 	0.0 	1.8 	0.0 	0.0 	0.0 	0.0 	    	38.1 
    	mayo      	SENAMHI	0.0 	0.0 	0.0 	0.0 	0.0 	0.0 	0.0 	0.0 	1.9 	0.0 	1.5 	0.0 	0.0 	0.0 	0.0 	0.0 	0.0 	2.1 	0.0 	0.0 	0.0 	2.7 	0.0 	0.0 	0.0 	0.0 	0.0 	0.0 	0.0 	0.0 	    	8.2  
    	junio     	SENAMHI	0.0 	0.0 	0.0 	0.0 	0.0 	5.0 	7.1 	0.0 	0.0 	0.0 	0.0 	0.0 	0.0 	2.1 	0.0 	0.0 	9.0 	0.0 	4.9 	0.0 	0.0 	0.0 	0.0 	0.0 	0.0 	0.0 	0.0 	0.0 	1.4 	0.0 	    	29.5 
    	julio     	SENAMHI	0.0 	8.1 	0.0 	4.9 	0.0 	0.0 	3.5 	0.0 	6.0 	0.0 	0.0 	0.0 	0.0 	0.0 	0.0 	0.0 	0.0 	0.0 	0.0 	0.0 	0.0 	8.0 	3.7 	0.0 	0.0 	0.0 	0.0 	4.4 	0.0 	5.2 	0.0 	43.8 
    	agosto    	SENAMHI	0.0 	0.0 	0.0 	4.4 	0.0 	0.0 	6.1 	0.0 	0.0 	0.0 	7.0 	14.1	0.0 	7.4 	0.0 	0.0 	15.0	9.1 	0.0 	0.0 	5.3 	0.0 	11.9	0.0 	0.0 	0.0 	0.0 	3.4 	2.9 	15.0	0.0 	101.6
    	septiembre	SENAMHI	0.0 	3.0 	1.9 	0.0 	11.3	0.0 	0.0 	0.0 	4.0 	0.0 	4.9 	3.3 	0.0 	0.0 	7.3 	12.5	0.0 	0.0 	0.0 	2.1 	0.0 	0.0 	0.0 	4.4 	0.0 	1.9 	4.1 	0.0 	0.5 	5.2 	    	66.4 
    	noviembre 	SENAMHI	5.6 	4.2 	3.0 	0.0 	1.5 	4.2 	0.0 	9.7 	0.0 	0.0 	0.0 	14.3	12.1	4.4 	5.8 	12.6	10.4	0.0 	7.2 	0.0 	7.1 	6.3 	0.0 	12.3	4.9 	0.0 	0.0 	6.3 	0.0 	0.0 	    	131.9
    	diciembre 	SENAMHI	11.4	9.2 	15.1	0.0 	7.7 	0.0 	0.0 	2.1 	0.4 	0.0 	11.1	9.6 	12.4	2.2 	0.0 	0.0 	3.0 	3.9 	9.8 	0.4 	6.2 	12.1	0.0 	4.2 	7.3 	0.0 	0.0 	3.1 	0.0 	6.2 	3.9 	141.3
1976	enero     	SENAMHI	0.0 	8.1 	0.0 	10.1	9.0 	0.0 	12.9	0.0 	9.8 	12.5	15.3	9.5 	0.5 	6.3 	0.0 	8.7 	3.9 	0.0 	12.5	6.2 	16.2	0.6 	7.6 	12.0	14.1	0.0 	0.0 	0.0 	2.5 	8.0 	13.4	199.7
    	febrero   	SENAMHI	9.0 	8.1 	12.1	0.0 	1.9 	0.0 	9.5 	0.0 	0.0 	14.0	0.0 	0.0 	8.7 	6.1 	7.2 	0.0 	0.0 	5.0 	0.0 	8.5 	0.4 	5.9 	0.0 	0.5 	1.8 	4.9 	7.3 	0.0 	0.0 	    	    	110.9
    	marzo     	SENAMHI	6.0 	6.3 	0.0 	0.0 	0.0 	2.9 	8.1 	0.0 	12.8	7.8 	0.5 	0.0 	0.0 	0.0 	11.8	9.2 	0.0 	0.3 	8.0 	4.1 	6.7 	15.1	3.2 	0.0 	9.0 	0.0 	6.3 	7.0 	0.3 	0.0 	3.9 	129.3
    	abril     	SENAMHI	6.1 	9.3 	0.6 	0.0 	4.4 	0.0 	1.8 	5.0 	0.0 	0.0 	0.0 	0.0 	1.8 	3.3 	0.0 	0.0 	0.0 	0.5 	0.0 	0.0 	0.6 	0.0 	0.0 	1.5 	5.7 	0.0 	2.9 	3.9 	0.5 	0.0 	    	47.9 
    	mayo      	SENAMHI	0.0 	0.0 	0.0 	0.0 	0.0 	0.0 	2.2 	0.0 	0.0 	0.0 	0.0 	0.0 	0.0 	0.0 	0.0 	0.0 	0.0 	0.0 	0.0 	0.0 	0.5 	0.0 	0.0 	0.0 	0.0 	0.0 	0.0 	0.9 	0.0 	0.0 	0.0 	3.6  
    	junio     	SENAMHI	0.0 	0.0 	0.0 	0.0 	0.0 	0.0 	0.0 	0.0 	0.0 	0.0 	0.0 	0.0 	0.0 	0.0 	0.0 	0.0 	0.0 	0.0 	0.0 	0.0 	0.0 	0.0 	0.0 	0.0 	0.0 	0.0 	0.0 	0.0 	0.0 	0.0 	    	0.0  
    	julio     	SENAMHI	0.0 	0.0 	0.0 	0.0 	0.0 	0.0 	0.0 	0.0 	0.0 	0.0 	0.0 	0.0 	0.0 	0.0 	0.0 	0.0 	0.0 	0.0 	0.0 	0.0 	0.0 	0.0 	0.0 	0.0 	0.0 	0.0 	0.0 	0.0 	0.0 	0.0 	0.0 	0.0  
    	agosto    	SENAMHI	0.0 	0.0 	0.0 	0.0 	0.0 	0.0 	0.0 	0.0 	0.0 	0.0 	0.0 	0.0 	0.0 	0.0 	0.0 	0.0 	0.0 	0.0 	0.0 	0.0 	0.0 	1.8 	3.5 	7.0 	0.4 	0.0 	4.6 	0.0 	0.0 	8.5 	4.4 	30.2 
    	septiembre	SENAMHI	3.8 	6.0 	4.9 	0.0 	0.0 	9.1 	0.0 	6.3 	0.0 	3.8 	0.6 	1.8 	3.2 	0.0 	2.0 	0.7 	0.0 	10.1	0.0 	0.6 	5.0 	0.0 	0.0 	0.0 	0.0 	2.1 	0.0 	0.0 	0.0 	0.0 	    	60.0 
    	octubre   	SENAMHI	0.0 	0.0 	0.0 	0.0 	0.0 	0.0 	0.0 	0.0 	0.8 	6.6 	0.0 	7.9 	0.0 	0.0 	5.8 	0.0 	0.0 	0.0 	6.8 	0.0 	0.0 	6.5 	11.0	9.9 	0.0 	0.0 	0.0 	6.3 	0.0 	0.0 	0.0 	61.6 
    	noviembre 	SENAMHI	0.6 	3.0 	0.0 	0.0 	0.0 	0.0 	0.0 	7.1 	0.0 	0.0 	0.0 	0.0 	0.0 	0.0 	1.5 	0.0 	0.0 	1.4 	0.0 	0.0 	0.0 	0.0 	0.9 	8.7 	0.0 	0.0 	0.0 	1.3 	0.0 	0.0 	    	24.5 
    	diciembre 	SENAMHI	0.0 	0.0 	1.5 	2.9 	0.7 	0.0 	0.0 	0.0 	0.0 	0.0 	0.0 	0.0 	0.0 	3.7 	0.0 	2.8 	0.0 	0.0 	0.0 	0.0 	0.0 	0.0 	0.0 	3.0 	4.1 	0.0 	0.0 	0.0 	5.0 	2.1 	0.0 	25.8 
1977	enero     	SENAMHI	1.2 	4.4 	0.0 	0.0 	0.0 	0.0 	5.9 	7.0 	6.9 	5.8 	11.1	4.7 	0.0 	6.1 	9.6 	4.4 	0.0 	0.9 	0.0 	0.0 	7.2 	0.0 	5.3 	10.1	0.0 	3.8 	0.0 	4.1 	1.8 	0.0 	2.3 	102.6
    	febrero   	SENAMHI	0.0 	6.6 	4.5 	0.8 	0.0 	0.0 	0.0 	9.0 	11.4	8.2 	12.9	0.0 	14.4	7.9 	0.0 	0.7 	0.0 	10.0	9.1 	1.4 	15.2	0.0 	0.0 	0.0 	1.2 	11.1	7.2 	5.7 	    	    	    	137.3
    	marzo     	SENAMHI	0.9 	4.1 	9.0 	3.9 	0.0 	0.0 	8.1 	12.2	0.9 	0.0 	3.1 	4.4 	11.2	0.0 	0.0 	15.0	0.0 	0.0 	0.0 	1.9 	11.5	12.8	9.9 	1.2 	10.2	6.1 	0.0 	0.0 	7.3 	10.5	6.3 	150.5
    	abril     	SENAMHI	8.0 	2.3 	0.0 	0.0 	0.0 	0.0 	0.0 	3.1 	0.0 	0.0 	0.0 	0.0 	0.0 	2.9 	4.1 	0.0 	0.0 	0.0 	0.0 	0.0 	3.2 	2.8 	0.0 	0.0 	0.0 	0.0 	0.0 	0.0 	0.0 	0.0 	    	26.4 
    	mayo      	SENAMHI	0.0 	0.0 	0.0 	0.0 	0.0 	0.0 	0.0 	0.0 	0.0 	0.0 	0.0 	0.0 	0.0 	0.0 	0.0 	0.0 	0.0 	0.0 	0.0 	0.0 	0.0 	0.0 	0.0 	0.0 	0.0 	0.0 	0.0 	0.0 	0.0 	0.0 	0.0 	0.0  
    	junio     	SENAMHI	0.0 	0.0 	0.0 	0.0 	0.0 	0.0 	0.0 	0.0 	0.0 	0.0 	0.0 	0.0 	0.0 	0.0 	0.0 	0.0 	0.0 	0.0 	0.0 	0.0 	0.0 	0.0 	0.0 	0.0 	0.0 	0.0 	0.0 	9.1 	0.0 	0.0 	    	9.1  
    	julio     	SENAMHI	0.0 	3.0 	0.0 	0.0 	0.0 	0.0 	0.0 	6.1 	0.0 	0.0 	0.0 	0.6 	0.0 	0.0 	7.0 	0.0 	0.0 	0.0 	2.0 	0.0 	1.2 	0.0 	0.0 	0.0 	0.0 	1.3 	0.0 	0.0 	0.0 	0.0 	0.0 	21.2 
    	agosto    	SENAMHI	0.0 	0.0 	0.0 	4.2 	0.0 	0.0 	0.0 	0.0 	0.0 	0.0 	0.0 	0.0 	0.0 	0.0 	0.0 	2.0 	5.9 	0.0 	0.0 	0.0 	0.0 	0.0 	0.0 	0.0 	0.0 	0.0 	0.0 	0.0 	0.0 	0.0 	0.0 	12.1 
    	septiembre	SENAMHI	4.7 	0.0 	0.0 	1.0 	0.0 	0.0 	0.0 	0.0 	2.8 	0.0 	0.0 	3.0 	5.2 	0.0 	0.0 	0.0 	0.0 	0.0 	1.2 	0.0 	2.0 	0.0 	0.0 	0.0 	0.0 	0.0 	8.1 	0.0 	0.0 	11.3	    	39.3 
    	octubre   	SENAMHI	0.0 	3.9 	0.0 	0.0 	5.2 	0.0 	8.2 	0.0 	0.0 	0.0 	0.4 	6.1 	0.0 	0.0 	7.0 	0.0 	0.0 	0.0 	3.7 	3.0 	2.8 	0.0 	6.3 	0.0 	3.9 	0.0 	3.2 	3.8 	0.0 	0.0 	0.0 	57.5 
    	noviembre 	SENAMHI	1.3 	3.2 	4.0 	4.9 	0.0 	6.4 	0.0 	0.0 	2.9 	0.0 	0.0 	0.0 	0.0 	0.0 	0.0 	5.3 	6.8 	0.0 	0.0 	3.2 	8.0 	0.0 	0.0 	0.0 	0.0 	0.0 	0.0 	0.0 	0.0 	0.0 	    	46.0 
    	diciembre 	SENAMHI	0.0 	1.9 	0.0 	3.0 	0.0 	0.0 	0.0 	0.0 	5.0 	4.2 	0.0 	0.0 	0.0 	0.9 	0.0 	6.2 	0.0 	0.0 	0.0 	0.0 	0.0 	0.0 	0.0 	0.0 	0.0 	0.0 	0.0 	0.0 	0.0 	0.0 	0.0 	21.2 
1978	enero     	SENAMHI	3.0 	0.0 	7.2 	5.3 	2.9 	0.6 	0.0 	8.8 	0.0 	0.0 	9.1 	7.7 	0.0 	0.0 	4.0 	0.0 	9.0 	0.0 	0.0 	0.0 	6.8 	3.9 	0.0 	1.5 	10.1	4.6 	6.9 	0.0 	9.8 	7.2 	0.0 	108.4
    	febrero   	SENAMHI	4.0 	0.0 	9.9 	12.1	0.0 	0.0 	0.0 	14.0	1.5 	0.0 	2.0 	6.3 	12.5	1.9 	0.0 	9.4 	5.5 	6.0 	0.0 	3.8 	10.1	8.2 	0.0 	5.1 	0.0 	11.8	4.7 	0.0 	    	    	    	128.8
    	marzo     	SENAMHI	0.0 	4.1 	3.8 	1.1 	0.0 	5.9 	0.0 	0.6 	2.0 	7.0 	0.0 	1.3 	0.0 	0.0 	2.2 	6.1 	0.0 	0.0 	4.1 	4.0 	0.0 	7.0 	3.3 	0.0 	0.0 	0.0 	9.0 	5.1 	0.0 	0.0 	0.0 	66.6 
    	abril     	SENAMHI	0.0 	0.0 	0.0 	0.0 	0.0 	0.0 	2.4 	4.0 	0.0 	0.0 	1.9 	2.1 	0.0 	0.0 	0.0 	0.0 	0.0 	0.0 	3.8 	2.0 	0.0 	0.0 	8.5 	0.8 	0.9 	0.0 	1.8 	0.0 	0.2 	4.6 	    	33.0 
    	mayo      	SENAMHI	0.0 	0.0 	0.0 	0.0 	0.0 	0.0 	0.0 	0.0 	0.0 	0.0 	0.0 	0.0 	0.0 	0.0 	0.0 	0.0 	0.0 	0.0 	0.0 	0.0 	0.0 	0.0 	0.0 	0.0 	0.0 	0.0 	0.0 	0.0 	0.0 	0.0 	0.0 	0.0  
    	junio     	SENAMHI	0.0 	0.0 	0.0 	0.0 	0.0 	0.0 	0.0 	0.0 	0.0 	0.0 	0.0 	0.0 	0.0 	0.0 	0.0 	0.0 	0.0 	0.0 	0.0 	0.0 	0.0 	0.0 	0.0 	0.0 	0.0 	0.0 	0.0 	0.0 	0.0 	0.0 	    	0.0  
    	julio     	SENAMHI	0.0 	0.0 	0.0 	0.0 	0.0 	0.0 	0.0 	0.0 	0.0 	0.0 	0.0 	0.0 	0.0 	0.0 	0.0 	0.0 	0.0 	1.9 	0.0 	0.0 	0.0 	0.0 	0.0 	2.0 	0.0 	0.0 	2.0 	0.0 	0.0 	0.0 	0.0 	5.9  
    	agosto    	SENAMHI	0.0 	3.1 	0.0 	0.0 	0.0 	0.0 	0.0 	0.0 	0.0 	0.0 	0.0 	0.0 	0.0 	0.0 	0.0 	0.0 	0.0 	0.0 	0.0 	0.1 	0.0 	0.0 	0.0 	0.0 	0.0 	0.0 	0.0 	2.1 	0.0 	2.2 	0.0 	7.5  
    	septiembre	SENAMHI	0.0 	0.0 	0.0 	0.0 	0.0 	0.0 	1.4 	3.1 	0.0 	0.0 	0.0 	1.5 	2.7 	0.0 	0.0 	0.0 	0.0 	0.0 	0.0 	0.0 	0.0 	0.0 	0.0 	2.9 	0.0 	0.0 	0.0 	0.0 	2.2 	0.7 	    	14.5 
    	octubre   	SENAMHI	0.0 	0.0 	0.0 	0.0 	6.2 	0.0 	0.0 	0.0 	6.1 	7.5 	0.0 	0.0 	0.0 	0.0 	0.0 	7.9 	0.0 	0.0 	0.0 	2.5 	2.1 	0.0 	6.4 	4.1 	0.0 	0.0 	6.3 	3.1 	0.0 	0.0 	11.3	63.5 
    	noviembre 	SENAMHI	3.9 	8.5 	0.0 	9.4 	8.1 	0.6 	2.9 	0.0 	0.0 	0.0 	8.4 	5.2 	0.0 	0.0 	0.0 	10.0	3.6 	2.0 	0.0 	0.0 	12.0	0.0 	1.5 	0.0 	2.4 	0.0 	1.8 	4.0 	0.0 	0.0 	    	84.3 
    	diciembre 	SENAMHI	7.2 	6.0 	0.0 	0.0 	0.0 	0.0 	5.0 	0.0 	0.0 	0.0 	0.0 	0.0 	0.0 	0.0 	0.0 	0.0 	0.0 	1.8 	3.0 	5.4 	0.0 	2.0 	3.1 	6.0 	0.0 	0.0 	0.0 	3.3 	0.0 	7.4 	4.1 	54.3 
1979	enero     	SENAMHI	0.0 	1.9 	0.0 	0.0 	2.9 	0.0 	0.0 	0.0 	0.0 	5.0 	0.0 	0.0 	2.0 	0.0 	6.1 	1.3 	0.0 	4.4 	0.0 	0.0 	3.2 	8.0 	0.0 	0.0 	0.0 	0.0 	0.0 	4.1 	3.7 	0.0 	0.0 	42.6 
    	febrero   	SENAMHI	3.0 	4.9 	9.0 	0.8 	0.0 	10.0	12.2	9.9 	8.7 	0.0 	11.2	5.4 	0.0 	14.1	9.3 	0.0 	10.3	0.0 	6.8 	15.1	9.0 	5.1 	0.0 	0.0 	14.9	3.9 	5.1 	0.0 	    	    	    	168.7
    	marzo     	SENAMHI	6.0 	7.9 	0.0 	12.1	2.2 	10.1	0.0 	0.0 	13.9	5.7 	11.4	15.1	9.9 	0.0 	12.8	10.3	14.9	16.1	0.0 	7.4 	0.0 	11.8	6.6 	0.0 	0.0 	13.0	2.1 	3.2 	0.0 	0.0 	9.2 	201.7
    	abril     	SENAMHI	2.1 	5.9 	0.0 	0.0 	1.5 	0.0 	0.0 	0.0 	3.0 	2.3 	4.0 	0.0 	0.0 	0.0 	0.0 	0.0 	0.0 	1.6 	0.0 	0.0 	0.0 	2.3 	0.0 	0.0 	0.0 	5.3 	0.0 	0.0 	0.0 	0.0 	    	28.0 
    	mayo      	SENAMHI	0.0 	0.0 	0.0 	0.0 	0.0 	0.0 	0.0 	0.0 	0.0 	0.0 	0.0 	0.0 	0.0 	0.8 	0.0 	0.0 	0.0 	0.0 	0.0 	0.0 	0.0 	0.0 	0.0 	0.0 	0.0 	0.0 	0.0 	0.0 	0.0 	0.0 	0.0 	0.8  
    	junio     	SENAMHI	2.9 	0.0 	0.0 	0.0 	0.0 	0.0 	0.0 	0.0 	0.0 	0.0 	0.0 	0.0 	0.0 	0.0 	0.0 	0.0 	0.0 	0.0 	0.0 	0.0 	0.0 	0.0 	0.0 	0.0 	0.0 	0.0 	0.0 	0.0 	0.0 	0.0 	    	2.9  
    	julio     	SENAMHI	0.0 	0.0 	0.0 	0.0 	0.9 	0.0 	0.0 	0.0 	0.0 	0.0 	0.0 	0.0 	0.0 	0.0 	0.0 	0.0 	0.0 	0.0 	0.0 	0.0 	0.0 	0.0 	0.0 	0.0 	0.0 	0.0 	0.0 	0.0 	0.0 	0.0 	0.0 	0.9  
    	agosto    	SENAMHI	0.0 	0.0 	0.0 	0.0 	0.0 	0.0 	0.0 	0.9 	0.0 	0.0 	0.0 	0.0 	0.0 	0.0 	0.0 	0.0 	0.0 	0.0 	0.0 	0.0 	0.0 	0.0 	0.0 	0.0 	4.5 	0.0 	6.2 	0.0 	0.0 	0.0 	0.0 	11.6 
    	septiembre	SENAMHI	0.0 	1.8 	0.0 	0.0 	0.0 	0.0 	0.0 	0.0 	0.0 	0.0 	0.0 	0.0 	0.0 	1.1 	0.0 	2.8 	0.0 	0.0 	2.0 	0.0 	0.0 	0.9 	0.0 	0.0 	0.0 	1.2 	0.0 	0.0 	0.0 	0.0 	    	9.8  
    	octubre   	SENAMHI	1.3 	0.0 	0.0 	0.0 	0.0 	0.8 	0.0 	0.0 	0.0 	0.0 	0.0 	0.0 	0.0 	0.0 	0.0 	0.0 	0.0 	3.2 	0.0 	0.0 	1.2 	0.0 	0.0 	0.0 	0.0 	0.0 	4.1 	0.0 	0.0 	0.0 	0.0 	10.6 
    	noviembre 	SENAMHI	0.0 	5.3 	0.0 	3.1 	0.0 	0.0 	0.0 	1.2 	2.0 	0.0 	9.9 	1.4 	0.0 	0.0 	8.5 	4.0 	1.2 	6.1 	0.0 	9.0 	0.0 	8.4 	8.3 	0.0 	0.6 	2.2 	0.0 	9.3 	3.3 	0.0 	    	83.8 
    	diciembre 	SENAMHI	0.0 	0.0 	0.0 	4.2 	0.0 	1.3 	0.0 	0.0 	4.4 	0.7 	0.0 	1.0 	0.0 	0.0 	0.0 	0.0 	0.0 	0.0 	0.0 	0.0 	2.4 	1.2 	0.0 	0.0 	8.1 	8.6 	5.4 	0.0 	2.8 	9.0 	3.3 	52.4 
1980	enero     	SENAMHI	2.0 	3.9 	0.0 	0.0 	0.0 	0.0 	0.0 	0.0 	4.1 	3.0 	0.0 	0.0 	7.3 	5.1 	0.0 	3.8 	3.4 	6.1 	9.0 	0.0 	2.7 	0.0 	0.0 	0.0 	0.0 	0.0 	0.1 	0.0 	0.0 	4.1 	0.0 	54.6 
    	febrero   	SENAMHI	0.0 	0.0 	0.0 	0.0 	0.0 	2.3 	4.4 	3.9 	0.0 	0.0 	1.9 	0.9 	5.1 	0.0 	0.8 	0.0 	6.2 	0.0 	2.0 	0.0 	0.0 	0.0 	0.0 	3.1 	5.2 	7.0 	0.0 	5.1 	8.0 	    	    	55.9 
    	marzo     	SENAMHI	1.9 	4.6 	7.3 	0.0 	0.0 	0.0 	6.6 	10.1	0.0 	12.2	9.2 	8.4 	7.3 	15.0	4.4 	6.0 	0.0 	14.0	9.3 	4.2 	11.2	9.2 	14.5	1.0 	12.2	10.1	0.0 	6.3 	7.4 	0.0 	2.1 	194.5
    	abril     	SENAMHI	7.0 	0.0 	0.0 	0.0 	6.1 	0.0 	0.0 	5.8 	3.9 	0.0 	0.9 	0.0 	0.0 	2.1 	0.0 	0.0 	0.0 	0.0 	1.9 	2.4 	6.6 	0.0 	0.0 	0.0 	0.0 	3.0 	2.1 	0.0 	0.0 	0.0 	    	41.8 
    	mayo      	SENAMHI	0.0 	1.8 	0.0 	0.0 	0.0 	0.0 	0.0 	0.0 	0.0 	0.0 	0.0 	2.0 	0.0 	3.1 	0.0 	0.0 	0.0 	0.0 	0.0 	0.0 	0.0 	0.0 	0.0 	0.0 	0.0 	0.0 	0.0 	0.0 	0.0 	0.0 	0.0 	6.9  
    	junio     	SENAMHI	0.0 	0.0 	0.0 	0.0 	0.0 	0.0 	0.0 	0.0 	0.0 	0.0 	5.6 	4.4 	0.0 	0.0 	0.0 	0.0 	0.0 	0.0 	0.0 	0.0 	0.0 	2.0 	0.0 	0.0 	0.0 	0.0 	0.0 	0.0 	0.0 	2.2 	    	14.2 
    	julio     	SENAMHI	0.0 	0.0 	0.0 	0.0 	0.0 	0.0 	0.0 	0.0 	0.0 	0.0 	0.0 	0.0 	0.0 	0.0 	0.0 	0.0 	1.5 	0.0 	0.0 	0.0 	0.0 	0.0 	0.0 	4.0 	0.0 	1.9 	0.0 	5.8 	0.0 	0.0 	0.0 	13.2 
    	agosto    	SENAMHI	0.0 	10.3	0.0 	4.2 	0.0 	0.0 	0.0 	3.5 	0.0 	0.0 	0.0 	3.1 	0.0 	0.0 	0.0 	0.0 	0.0 	0.0 	0.0 	0.0 	0.0 	0.0 	0.0 	0.0 	0.0 	0.0 	0.0 	0.0 	0.0 	0.0 	0.0 	21.1 
    	septiembre	SENAMHI	0.0 	0.0 	0.0 	6.5 	0.0 	0.0 	0.0 	9.1 	1.8 	0.0 	0.0 	0.0 	5.3 	4.2 	0.0 	0.0 	0.0 	0.0 	0.0 	3.2 	0.0 	6.8 	7.9 	4.9 	12.3	0.9 	11.2	0.0 	0.0 	2.8 	    	76.9 
    	octubre   	SENAMHI	1.8 	0.0 	4.5 	0.0 	5.8 	6.7 	13.0	8.9 	7.9 	6.3 	1.9 	0.0 	12.1	4.9 	0.0 	10.1	21.4	6.0 	9.5 	7.3 	12.9	11.1	7.0 	5.4 	9.0 	0.0 	5.0 	5.2 	0.0 	19.0	4.7 	207.4
    	noviembre 	SENAMHI	8.4 	9.1 	2.1 	9.3 	0.0 	16.0	0.0 	0.0 	0.0 	0.0 	20.4	14.6	0.0 	0.0 	7.2 	0.0 	0.0 	2.0 	9.1 	7.6 	0.0 	11.1	0.0 	0.0 	11.8	0.0 	2.1 	6.0 	0.0 	0.0 	    	136.8
    	diciembre 	SENAMHI	8.1 	9.1 	11.9	0.0 	0.0 	9.8 	8.6 	7.9 	0.0 	9.9 	5.6 	2.1 	0.0 	4.9 	2.8 	6.7 	0.0 	0.0 	2.0 	0.0 	0.0 	0.0 	0.0 	0.0 	0.0 	0.0 	0.0 	0.0 	3.0 	0.0 	0.0 	92.4 
1981	enero     	SENAMHI	0.5 	0.0 	4.6 	10.1	9.8 	0.0 	0.0 	8.3 	0.0 	14.0	0.0 	7.6 	15.2	8.0 	0.0 	11.9	0.0 	16.1	0.0 	9.7 	7.7 	13.9	0.0 	0.0 	0.0 	0.0 	0.0 	0.0 	7.5 	14.7	8.6 	168.2
    	febrero   	SENAMHI	10.2	12.9	6.0 	0.7 	0.0 	2.8 	3.5 	16.0	12.2	0.0 	9.3 	11.9	0.0 	0.0 	6.1 	10.2	6.8 	5.8 	14.9	0.8 	15.0	14.6	11.9	0.0 	11.2	12.8	9.9 	7.1 	    	    	    	212.6
    	marzo     	SENAMHI	15.1	10.0	9.9 	0.0 	11.5	16.2	7.2 	12.3	0.0 	6.0 	0.0 	5.6 	8.4 	0.0 	0.0 	14.9	11.7	0.0 	19.5	0.8 	8.1 	0.0 	16.1	6.6 	0.0 	18.9	5.0 	0.0 	4.9 	3.8 	6.4 	218.9
    	abril     	SENAMHI	9.9 	8.2 	2.8 	10.0	2.0 	7.1 	0.9 	0.0 	0.0 	0.9 	14.0	18.2	0.0 	0.7 	0.0 	3.1 	5.9 	0.0 	6.0 	2.1 	2.6 	0.0 	0.0 	3.1 	9.0 	0.0 	0.0 	0.0 	2.0 	0.0 	    	108.5
    	mayo      	SENAMHI	0.0 	0.0 	0.0 	0.0 	0.0 	0.0 	0.0 	0.0 	1.0 	0.0 	0.0 	0.0 	0.0 	0.0 	0.0 	0.0 	1.3 	0.0 	0.0 	2.8 	0.0 	0.0 	0.0 	0.0 	0.0 	0.0 	0.0 	0.0 	0.0 	0.0 	0.0 	5.1  
    	junio     	SENAMHI	0.0 	0.0 	0.0 	0.0 	0.0 	0.0 	0.0 	3.5 	0.0 	0.0 	2.0 	0.0 	0.0 	0.0 	0.0 	0.0 	6.1 	0.0 	0.0 	0.0 	0.0 	4.1 	0.0 	0.0 	0.0 	0.0 	0.0 	0.0 	0.0 	0.0 	    	15.7 
    	julio     	SENAMHI	0.0 	0.0 	1.9 	0.0 	0.0 	0.0 	0.0 	0.0 	0.0 	4.2 	0.0 	0.0 	0.0 	3.2 	0.0 	0.0 	0.0 	0.0 	0.0 	1.4 	0.0 	0.0 	0.0 	0.0 	0.0 	0.0 	0.0 	0.0 	0.0 	0.0 	0.0 	10.7 
    	agosto    	SENAMHI	0.0 	0.0 	0.0 	0.0 	0.0 	0.0 	0.0 	0.0 	0.0 	0.0 	0.0 	0.0 	0.0 	0.0 	0.0 	4.1 	0.0 	0.0 	0.0 	0.0 	0.0 	0.0 	0.0 	0.0 	0.0 	0.0 	0.0 	0.0 	0.0 	3.0 	2.0 	9.1  
    	septiembre	SENAMHI	4.9 	0.0 	0.0 	0.0 	2.8 	0.0 	4.0 	0.0 	0.0 	0.0 	16.5	3.0 	0.0 	10.1	6.5 	0.0 	12.6	3.9 	0.0 	19.1	0.0 	0.9 	14.4	7.0 	0.0 	0.0 	0.0 	11.7	0.0 	3.6 	    	121.0
    	octubre   	SENAMHI	0.0 	12.0	9.9 	0.9 	16.2	11.8	0.0 	4.9 	3.3 	0.0 	2.1 	1.2 	0.0 	7.4 	0.0 	0.0 	5.3 	0.0 	0.0 	0.0 	11.1	2.0 	14.5	3.9 	7.2 	0.0 	0.0 	0.0 	3.4 	0.0 	0.0 	117.1
    	noviembre 	SENAMHI	2.0 	4.0 	6.5 	0.0 	1.7 	0.0 	6.5 	9.9 	8.0 	11.1	4.6 	4.5 	7.6 	0.0 	0.0 	2.4 	0.0 	0.0 	17.9	0.0 	6.1 	7.1 	0.0 	5.0 	8.1 	10.2	10.4	15.6	9.2 	17.5	    	175.9
    	diciembre 	SENAMHI	1.5 	4.1 	5.5 	6.1 	4.1 	3.8 	3.1 	0.0 	0.0 	0.0 	0.0 	0.0 	0.0 	0.0 	0.0 	0.0 	7.2 	0.2 	0.0 	3.9 	11.5	0.0 	0.0 	12.1	0.0 	0.0 	10.2	1.4 	6.0 	5.5 	0.0 	86.2 
1982	enero     	SENAMHI	0.0 	0.0 	6.2 	0.0 	12.2	0.0 	5.7 	8.4 	0.0 	11.9	7.9 	0.0 	9.9 	0.0 	0.0 	8.0 	16.4	0.0 	4.5 	2.9 	0.0 	0.0 	3.1 	0.0 	6.1 	7.0 	0.0 	16.2	0.0 	7.3 	8.2 	141.9
    	febrero   	SENAMHI	9.1 	7.4 	0.0 	6.9 	10.2	0.0 	15.6	3.9 	0.0 	16.2	0.0 	0.0 	18.9	0.0 	8.0 	2.4 	0.0 	0.0 	7.6 	9.9 	0.0 	15.9	0.0 	6.6 	0.0 	0.0 	0.0 	0.5 	    	    	    	139.1
    	marzo     	SENAMHI	0.0 	0.0 	0.0 	0.0 	3.9 	2.8 	10.2	0.0 	1.9 	5.8 	0.0 	0.0 	0.0 	0.0 	0.0 	7.0 	0.0 	0.0 	0.0 	9.3 	14.6	0.0 	8.2 	12.9	0.0 	0.0 	4.6 	5.7 	0.0 	0.0 	0.0 	86.9 
    	abril     	SENAMHI	1.8 	0.0 	5.6 	0.0 	0.0 	7.1 	0.0 	8.0 	0.0 	0.0 	6.6 	0.0 	11.4	0.0 	0.0 	0.0 	0.0 	5.9 	0.0 	2.4 	0.0 	0.9 	0.0 	12.9	0.0 	0.0 	6.1 	7.2 	0.0 	0.0 	    	75.9 
    	mayo      	SENAMHI	    	    	    	    	    	    	    	    	    	    	    	    	    	    	    	    	    	    	    	    	    	    	    	    	    	    	    	    	    	    	0.0 	0.0  
    	junio     	SENAMHI	0.0 	0.0 	0.0 	0.0 	0.0 	0.0 	0.0 	0.0 	0.0 	0.0 	0.0 	0.0 	0.0 	0.0 	0.0 	0.0 	0.0 	0.0 	0.0 	0.0 	0.0 	7.4 	0.0 	0.0 	0.0 	0.0 	0.0 	0.0 	0.0 	0.0 	    	7.4  
    	julio     	SENAMHI	0.0 	1.2 	0.0 	0.0 	0.0 	0.0 	0.0 	0.0 	0.0 	0.0 	0.0 	0.0 	0.0 	0.0 	0.0 	0.0 	0.0 	0.0 	0.0 	0.0 	0.0 	5.6 	0.0 	0.0 	0.0 	0.0 	0.0 	0.0 	0.0 	6.9 	0.0 	13.7 
    	agosto    	SENAMHI	0.0 	6.3 	0.0 	0.0 	0.0 	0.0 	0.0 	0.0 	0.0 	0.0 	5.4 	0.0 	0.0 	0.0 	0.0 	0.0 	0.0 	0.0 	0.0 	0.0 	0.0 	0.0 	6.2 	0.0 	0.0 	0.0 	0.0 	0.0 	0.0 	0.0 	0.0 	17.9 
    	octubre   	SENAMHI	0.0 	4.0 	0.0 	0.0 	0.0 	0.0 	0.0 	1.0 	2.1 	0.0 	3.1 	0.0 	0.0 	0.0 	5.2 	0.0 	0.0 	0.0 	0.0 	6.8 	0.0 	0.0 	0.0 	0.0 	9.0 	3.2 	0.0 	0.0 	0.0 	6.1 	5.2 	45.7 
    	noviembre 	SENAMHI	4.0 	0.0 	0.0 	0.0 	0.0 	0.0 	7.0 	0.0 	0.0 	0.0 	2.9 	7.4 	0.0 	0.0 	0.0 	0.0 	0.0 	0.0 	0.0 	0.9 	7.8 	0.0 	0.0 	7.0 	6.1 	0.0 	0.0 	0.0 	0.0 	0.0 	    	43.1 
    	diciembre 	SENAMHI	10.4	7.2 	0.0 	0.0 	0.0 	9.4 	0.0 	0.0 	0.0 	0.0 	10.9	0.0 	0.0 	0.0 	0.8 	0.0 	0.0 	0.0 	0.0 	3.9 	11.0	6.2 	0.0 	0.0 	4.9 	0.0 	0.0 	0.0 	0.0 	0.0 	0.0 	64.7 
1983	enero     	SENAMHI	1.9 	3.4 	0.0 	0.0 	0.0 	0.0 	11.9	0.0 	0.0 	0.0 	0.0 	6.4 	4.1 	0.0 	12.0	3.1 	0.0 	0.0 	0.0 	0.0 	9.1 	6.6 	0.0 	0.0 	0.0 	0.0 	0.0 	7.6 	0.0 	2.0 	0.0 	68.1 
    	febrero   	SENAMHI	8.2 	0.0 	3.0 	0.0 	0.0 	0.0 	0.0 	4.4 	0.0 	6.5 	0.0 	0.0 	0.0 	12.1	6.4 	0.0 	0.0 	7.1 	4.9 	0.0 	0.0 	0.0 	6.9 	4.8 	0.0 	3.3 	7.2 	0.0 	    	    	    	74.8 
    	marzo     	SENAMHI	3.2 	2.0 	0.0 	0.0 	0.0 	6.0 	0.0 	4.1 	0.0 	0.0 	0.0 	0.0 	5.2 	3.1 	0.0 	4.9 	0.0 	0.0 	0.0 	0.0 	5.1 	2.9 	0.0 	2.1 	0.0 	1.9 	0.0 	0.0 	0.0 	6.0 	0.0 	46.5 
    	abril     	SENAMHI	0.0 	0.0 	0.0 	0.0 	0.0 	0.0 	0.0 	4.9 	0.0 	0.0 	1.0 	3.7 	0.0 	0.0 	0.0 	0.0 	0.0 	0.0 	0.0 	2.4 	5.0 	0.0 	0.0 	0.0 	0.0 	0.0 	0.9 	0.0 	5.1 	0.0 	    	23.0 
    	mayo      	SENAMHI	0.0 	0.0 	0.0 	0.0 	0.0 	2.0 	0.0 	0.0 	0.0 	0.0 	0.0 	0.0 	0.0 	0.0 	0.0 	0.0 	0.0 	7.9 	0.0 	0.0 	0.0 	0.0 	0.0 	0.0 	0.0 	0.0 	0.0 	0.0 	0.0 	0.0 	0.0 	9.9  
    	junio     	SENAMHI	0.0 	0.0 	0.0 	0.0 	0.0 	0.0 	0.0 	0.0 	0.0 	0.0 	0.0 	0.0 	0.0 	0.0 	0.0 	4.6 	0.0 	0.0 	0.0 	0.0 	0.0 	0.0 	0.9 	0.0 	0.0 	0.0 	0.0 	0.0 	1.6 	0.0 	    	7.1  
    	julio     	SENAMHI	0.0 	0.0 	0.0 	0.0 	0.0 	0.0 	0.0 	0.0 	0.0 	0.0 	0.0 	0.0 	0.0 	0.0 	0.0 	0.0 	0.0 	0.0 	0.0 	0.0 	0.0 	0.0 	0.0 	0.0 	0.0 	0.0 	0.0 	0.0 	0.0 	1.5 	0.0 	1.5  
    	agosto    	SENAMHI	0.0 	0.0 	0.0 	0.0 	0.0 	0.0 	0.0 	0.0 	0.0 	0.0 	0.0 	0.0 	0.0 	0.0 	0.0 	0.0 	0.0 	0.0 	0.0 	0.0 	0.0 	0.0 	0.0 	0.0 	0.0 	3.6 	0.0 	2.9 	0.0 	0.0 	0.0 	6.5  
    	septiembre	SENAMHI	0.0 	0.0 	0.0 	5.0 	0.0 	0.0 	0.0 	4.2 	0.0 	3.5 	0.0 	0.0 	2.3 	0.0 	0.0 	1.9 	0.0 	0.0 	0.0 	0.0 	0.0 	0.0 	9.6 	0.0 	2.0 	0.0 	8.1 	0.0 	4.0 	0.0 	    	40.6 
    	octubre   	SENAMHI	0.0 	9.6 	0.0 	8.2 	0.0 	16.4	0.0 	6.1 	0.0 	17.2	0.0 	0.0 	0.0 	14.9	0.0 	21.2	0.0 	0.0 	8.5 	16.8	19.9	0.0 	0.0 	0.0 	6.4 	0.0 	15.0	0.0 	0.0 	0.0 	0.0 	160.2
    	noviembre 	SENAMHI	8.2 	0.0 	11.4	0.0 	0.0 	0.0 	0.0 	0.0 	0.0 	7.6 	2.0 	0.0 	0.0 	9.6 	0.0 	0.0 	0.0 	0.0 	6.3 	3.9 	1.9 	0.0 	14.1	0.0 	0.0 	4.0 	2.8 	0.0 	0.0 	0.0 	    	71.8 
    	diciembre 	SENAMHI	3.1 	11.2	0.0 	0.0 	4.1 	0.0 	0.0 	0.0 	13.2	0.0 	0.0 	0.0 	0.0 	12.2	0.0 	3.9 	3.9 	11.7	0.0 	1.5 	0.0 	0.0 	4.1 	0.0 	0.0 	5.0 	0.0 	2.0 	0.0 	0.0 	1.5 	77.4 
1984	enero     	SENAMHI	4.0 	8.2 	0.0 	6.9 	5.0 	0.0 	0.0 	9.8 	6.6 	3.7 	9.1 	0.0 	0.0 	2.3 	12.2	15.5	10.3	0.0 	0.0 	7.2 	0.0 	11.0	5.0 	0.0 	0.0 	0.0 	0.0 	0.0 	7.7 	0.0 	11.8	136.3
    	febrero   	SENAMHI	14.4	0.0 	14.9	14.8	16.2	0.0 	9.2 	0.0 	8.3 	0.0 	12.4	0.0 	7.4 	0.0 	11.6	0.0 	10.5	18.1	0.0 	0.0 	0.0 	0.0 	16.8	12.8	8.0 	0.0 	0.0 	16.7	6.9 	    	    	199.0
    	marzo     	SENAMHI	10.0	12.9	0.0 	16.2	0.0 	4.8 	7.1 	9.9 	0.0 	0.0 	15.0	0.0 	3.1 	0.0 	9.6 	0.0 	0.0 	0.0 	18.2	7.1 	0.0 	2.5 	0.0 	0.0 	0.0 	7.7 	0.0 	0.0 	8.4 	0.0 	9.0 	141.5
    	abril     	SENAMHI	6.1 	0.0 	4.2 	0.0 	9.0 	4.0 	0.0 	0.0 	0.0 	16.2	0.0 	8.3 	6.9 	0.0 	0.0 	0.0 	6.1 	0.0 	11.0	0.0 	0.0 	0.0 	6.6 	5.4 	0.0 	0.0 	0.0 	0.0 	7.3 	3.9 	    	95.0 
    	mayo      	SENAMHI	4.0 	3.9 	0.0 	0.0 	0.0 	9.1 	0.0 	0.0 	0.0 	2.3 	0.0 	11.2	8.6 	0.0 	0.0 	0.0 	10.4	0.0 	15.2	0.0 	0.0 	0.0 	7.6 	0.0 	0.0 	0.9 	0.0 	2.0 	6.9 	0.0 	3.7 	85.8 
    	junio     	SENAMHI	0.0 	0.0 	1.4 	0.0 	0.0 	0.0 	0.0 	0.0 	0.0 	0.0 	6.0 	5.6 	6.0 	0.0 	0.0 	0.0 	10.2	0.0 	0.0 	0.0 	0.0 	0.0 	0.0 	9.2 	0.0 	0.0 	0.0 	0.0 	0.0 	0.0 	    	38.4 
    	julio     	SENAMHI	0.0 	0.0 	0.0 	0.0 	0.0 	0.0 	0.0 	0.0 	0.0 	0.0 	0.0 	0.0 	2.0 	0.0 	0.0 	0.0 	0.0 	0.0 	0.0 	0.0 	0.0 	0.0 	0.0 	0.0 	3.9 	0.0 	7.0 	0.0 	0.0 	0.0 	0.0 	12.9 
    	agosto    	SENAMHI	0.0 	7.9 	0.0 	0.0 	12.5	0.0 	0.0 	0.0 	0.0 	0.0 	0.0 	0.0 	0.0 	0.0 	11.0	0.0 	0.0 	5.3 	0.0 	0.0 	0.0 	0.0 	0.0 	0.0 	0.0 	0.0 	2.9 	0.0 	0.0 	0.0 	0.0 	39.6 
    	septiembre	SENAMHI	0.0 	0.0 	0.0 	0.0 	0.0 	0.0 	4.3 	6.1 	0.0 	0.0 	2.0 	0.0 	0.0 	0.0 	0.0 	0.0 	3.0 	0.0 	0.0 	0.0 	0.0 	10.9	0.0 	0.0 	0.0 	9.8 	0.0 	0.0 	6.0 	0.0 	    	42.1 
    	octubre   	SENAMHI	0.0 	0.0 	0.0 	0.0 	4.2 	0.0 	0.0 	14.6	0.0 	21.9	0.0 	0.0 	0.0 	0.0 	0.0 	0.0 	0.0 	5.0 	10.4	6.0 	7.6 	15.7	3.1 	0.0 	0.0 	1.4 	0.0 	0.0 	2.9 	0.0 	0.0 	92.8 
    	noviembre 	SENAMHI	9.1 	0.0 	0.0 	0.0 	4.9 	0.0 	0.0 	0.0 	0.0 	3.5 	11.1	4.1 	0.0 	0.0 	5.9 	1.6 	0.0 	8.0 	6.0 	10.2	0.0 	0.0 	0.0 	11.4	0.0 	3.2 	0.0 	5.5 	5.3 	0.0 	    	89.8 
    	diciembre 	SENAMHI	10.9	8.2 	4.4 	0.0 	7.5 	0.0 	8.0 	6.8 	0.0 	0.0 	14.2	15.8	0.0 	0.0 	0.0 	0.0 	6.3 	4.1 	2.1 	9.0 	0.0 	0.0 	0.0 	0.0 	5.9 	0.0 	3.9 	0.0 	0.0 	4.4 	5.8 	117.3
1985	enero     	SENAMHI	12.2	9.0 	0.0 	0.0 	0.0 	0.0 	5.1 	0.0 	0.0 	14.2	0.0 	0.0 	9.4 	0.0 	0.0 	0.0 	0.0 	0.0 	4.4 	10.1	0.0 	8.8 	0.0 	0.0 	0.0 	7.9 	0.0 	5.8 	13.0	0.0 	4.0 	103.9
    	febrero   	SENAMHI	4.9 	6.0 	11.8	0.0 	7.2 	0.0 	0.0 	0.0 	9.2 	0.0 	8.0 	0.0 	0.0 	0.0 	0.0 	0.0 	6.8 	0.0 	0.0 	0.0 	0.0 	0.0 	0.0 	4.9 	8.7 	0.0 	0.0 	9.5 	    	    	    	77.0 
    	marzo     	SENAMHI	0.0 	6.8 	10.4	0.0 	5.9 	0.0 	0.0 	0.0 	9.0 	0.0 	0.0 	6.2 	12.9	0.0 	0.0 	0.0 	0.0 	0.0 	9.4 	19.7	0.0 	6.5 	4.9 	0.0 	0.0 	2.0 	0.0 	4.8 	0.0 	0.0 	0.0 	98.5 
    	abril     	SENAMHI	0.0 	0.0 	0.0 	0.0 	0.0 	3.2 	0.0 	0.0 	0.0 	0.0 	0.0 	0.0 	6.0 	2.9 	4.1 	0.0 	0.0 	0.0 	0.0 	3.3 	0.0 	7.5 	0.0 	0.0 	0.0 	0.0 	0.0 	4.0 	0.0 	0.0 	    	31.0 
    	mayo      	SENAMHI	0.0 	0.9 	0.0 	0.0 	3.9 	6.1 	0.0 	0.0 	5.4 	0.0 	0.0 	0.0 	0.0 	0.0 	0.0 	1.3 	0.0 	0.0 	6.7 	0.0 	0.0 	3.1 	0.0 	0.0 	0.0 	0.9 	0.0 	0.0 	6.4 	0.0 	0.0 	34.7 
    	junio     	SENAMHI	0.0 	0.0 	0.0 	0.0 	1.9 	0.0 	2.0 	0.0 	0.0 	0.0 	4.1 	0.0 	2.8 	0.0 	0.0 	0.0 	0.0 	0.0 	3.8 	5.0 	0.0 	0.0 	0.0 	0.0 	7.0 	3.1 	0.0 	0.0 	0.0 	2.8 	    	32.5 
    	julio     	SENAMHI	0.0 	0.0 	0.0 	0.0 	0.0 	0.0 	0.0 	0.0 	0.0 	4.9 	0.0 	0.0 	0.0 	0.0 	0.0 	0.0 	0.0 	0.0 	0.0 	1.9 	0.0 	0.0 	0.0 	0.0 	0.0 	2.2 	0.0 	0.0 	0.0 	0.0 	1.5 	10.5 
    	agosto    	SENAMHI	0.0 	0.0 	0.0 	0.0 	0.0 	0.0 	0.0 	0.0 	3.0 	0.0 	0.0 	0.0 	0.0 	0.0 	0.0 	0.0 	0.0 	0.0 	0.0 	0.0 	0.0 	0.0 	0.0 	0.9 	0.0 	0.0 	0.0 	0.0 	6.4 	0.0 	0.0 	10.3 
    	septiembre	SENAMHI	12.5	0.0 	9.0 	0.0 	11.4	0.0 	0.0 	0.0 	3.0 	3.9 	10.4	0.0 	0.0 	0.0 	0.0 	8.0 	13.2	0.0 	14.9	0.0 	0.0 	0.0 	0.0 	8.7 	3.5 	0.0 	9.1 	0.0 	8.4 	0.0 	    	116.0
    	octubre   	SENAMHI	0.0 	0.0 	9.6 	0.0 	9.3 	0.0 	12.5	0.0 	0.0 	0.0 	12.6	0.0 	0.0 	0.0 	17.7	4.1 	2.2 	0.0 	2.9 	6.6 	9.9 	0.0 	0.0 	0.0 	10.5	0.0 	3.2 	9.7 	0.0 	18.1	0.0 	128.9
    	noviembre 	SENAMHI	4.0 	1.2 	0.0 	0.0 	0.0 	4.3 	0.0 	16.1	7.2 	0.0 	0.0 	0.0 	12.7	0.0 	6.2 	9.5 	8.8 	14.8	3.9 	5.1 	0.0 	0.0 	3.8 	0.0 	12.2	0.0 	5.8 	0.0 	0.0 	0.0 	    	115.6
    	diciembre 	SENAMHI	0.0 	0.0 	6.9 	4.5 	0.0 	7.0 	0.0 	0.0 	1.9 	0.0 	6.3 	0.0 	0.0 	4.2 	0.0 	4.7 	6.0 	5.5 	0.0 	0.0 	13.0	7.2 	8.1 	3.2 	0.0 	0.0 	0.0 	4.1 	9.8 	0.0 	0.0 	92.4 
1986	enero     	SENAMHI	7.9 	0.0 	8.6 	5.9 	0.0 	0.0 	14.2	0.0 	15.0	0.0 	0.9 	0.0 	12.6	9.7 	0.0 	0.0 	0.0 	0.0 	6.1 	9.9 	0.0 	10.1	0.0 	2.4 	0.0 	7.9 	3.2 	0.0 	16.0	0.0 	6.3 	136.7
    	febrero   	SENAMHI	10.0	14.2	0.0 	16.4	11.1	7.5 	0.0 	0.0 	12.6	13.9	0.0 	9.0 	0.0 	14.6	0.0 	0.9 	0.0 	7.3 	0.0 	15.2	12.4	6.9 	16.2	9.1 	0.0 	0.0 	8.7 	0.0 	    	    	    	186.0
    	marzo     	SENAMHI	10.9	0.0 	15.8	9.2 	16.1	0.0 	0.0 	7.2 	3.9 	5.4 	0.0 	9.9 	3.0 	0.0 	4.1 	0.0 	0.9 	0.0 	7.1 	8.9 	0.0 	4.0 	0.0 	9.0 	4.4 	0.0 	11.3	0.0 	6.6 	0.0 	3.5 	141.2
    	abril     	SENAMHI	11.9	16.0	15.8	12.4	4.9 	0.0 	18.5	0.0 	3.0 	0.0 	0.0 	8.1 	0.0 	0.0 	2.4 	0.0 	0.0 	0.0 	0.0 	9.0 	0.0 	0.0 	0.0 	6.6 	0.0 	0.0 	2.3 	0.0 	5.3 	0.0 	    	116.2
    	mayo      	SENAMHI	9.8 	12.4	16.9	15.8	0.0 	0.0 	0.0 	2.4 	0.0 	0.0 	0.0 	0.0 	0.0 	0.0 	0.0 	0.0 	0.0 	0.0 	0.0 	0.0 	0.0 	3.4 	0.0 	0.0 	0.0 	0.0 	0.0 	0.0 	0.0 	0.0 	0.0 	60.7 
    	junio     	SENAMHI	0.0 	0.0 	0.0 	0.0 	0.0 	0.0 	0.0 	0.0 	0.0 	0.0 	0.0 	0.0 	0.0 	0.0 	0.0 	0.0 	0.0 	0.0 	0.0 	0.0 	0.0 	0.0 	0.0 	0.0 	0.0 	3.2 	0.0 	0.0 	0.0 	0.0 	    	3.2  
    	julio     	SENAMHI	0.0 	0.0 	0.0 	0.0 	1.9 	0.0 	0.0 	0.0 	4.2 	0.0 	0.0 	0.0 	0.0 	0.0 	0.0 	0.0 	0.0 	4.9 	0.0 	0.0 	0.0 	3.9 	0.0 	0.0 	0.0 	2.0 	7.2 	0.0 	6.6 	0.0 	0.0 	30.7 
    	agosto    	SENAMHI	0.0 	0.0 	14.9	22.1	10.5	6.1 	18.9	24.0	21.2	0.0 	0.0 	0.0 	19.9	0.0 	22.1	0.0 	0.0 	14.8	9.1 	0.0 	0.0 	0.0 	0.0 	0.0 	0.0 	9.9 	21.0	0.0 	0.0 	0.0 	0.0 	214.5
    	septiembre	SENAMHI	8.2 	0.0 	1.9 	0.0 	0.0 	2.2 	0.0 	0.0 	0.0 	3.1 	0.0 	0.0 	0.0 	0.0 	0.0 	2.0 	0.0 	5.1 	0.0 	0.0 	12.1	7.9 	0.0 	0.0 	0.0 	9.3 	0.0 	0.0 	0.0 	4.2 	    	56.0 
    	noviembre 	SENAMHI	8.9 	0.0 	0.0 	0.0 	0.0 	0.0 	9.3 	0.0 	0.0 	0.0 	0.0 	3.6 	0.0 	0.0 	2.8 	0.0 	0.0 	0.0 	0.0 	1.9 	0.0 	0.0 	0.0 	0.0 	0.0 	0.0 	0.0 	0.0 	0.0 	0.0 	    	26.5 
    	diciembre 	SENAMHI	0.0 	0.0 	3.5 	0.0 	0.0 	0.0 	0.0 	0.0 	3.5 	0.0 	0.0 	0.0 	5.1 	0.0 	0.0 	0.0 	0.0 	6.0 	0.0 	0.0 	5.6 	3.0 	0.0 	0.0 	0.0 	0.0 	4.2 	0.0 	9.0 	0.0 	4.1 	44.0 
1987	enero     	SENAMHI	0.0 	8.9 	7.9 	0.0 	0.0 	0.0 	0.0 	0.0 	0.0 	0.0 	8.9 	16.9	15.8	0.0 	0.0 	0.0 	6.9 	15.4	0.0 	0.0 	3.6 	7.1 	3.0 	0.0 	0.0 	8.2 	0.0 	0.0 	5.5 	0.0 	8.5 	116.6
    	febrero   	SENAMHI	9.9 	0.0 	12.6	7.7 	0.0 	0.0 	0.0 	6.1 	14.2	0.0 	0.0 	0.0 	0.0 	0.0 	0.0 	0.0 	0.0 	3.0 	0.0 	0.0 	15.0	0.0 	9.5 	16.4	6.8 	0.0 	0.0 	0.0 	    	    	    	101.2
    	marzo     	SENAMHI	0.0 	9.4 	11.8	0.0 	0.0 	0.0 	9.3 	0.0 	14.2	0.0 	0.0 	0.0 	0.0 	2.0 	0.0 	0.0 	0.0 	0.0 	2.4 	0.0 	0.0 	0.0 	0.0 	0.0 	0.0 	0.0 	0.0 	0.6 	2.6 	0.0 	0.0 	52.3 
    	abril     	SENAMHI	0.0 	0.0 	0.0 	0.0 	0.0 	0.0 	0.0 	0.0 	2.5 	3.0 	0.0 	0.0 	1.9 	0.0 	0.0 	0.0 	4.6 	0.0 	2.9 	0.0 	0.0 	0.0 	0.0 	0.0 	0.0 	0.0 	0.0 	2.0 	0.0 	0.0 	    	16.9 
    	mayo      	SENAMHI	0.0 	0.0 	0.0 	0.0 	0.0 	0.0 	0.0 	1.5 	0.0 	0.0 	0.0 	0.0 	0.0 	0.0 	0.0 	0.0 	0.0 	0.0 	2.0 	0.0 	0.0 	0.0 	0.0 	0.0 	2.8 	0.0 	0.0 	0.0 	0.0 	0.0 	0.0 	6.3  
    	junio     	SENAMHI	0.0 	0.0 	0.0 	5.3 	0.0 	0.0 	0.0 	0.0 	0.0 	0.0 	0.0 	0.0 	0.0 	0.0 	0.0 	0.0 	0.0 	0.0 	2.6 	6.0 	0.0 	0.0 	1.5 	0.0 	0.0 	4.1 	0.0 	3.2 	2.9 	3.9 	    	29.5 
    	julio     	SENAMHI	0.0 	0.0 	0.0 	0.0 	6.0 	0.0 	0.0 	0.0 	0.0 	0.0 	0.0 	0.0 	0.0 	0.0 	0.0 	0.0 	3.9 	3.6 	0.0 	0.0 	2.2 	0.0 	0.0 	0.0 	0.0 	0.0 	0.0 	0.0 	0.0 	0.0 	0.0 	15.7 
    	agosto    	SENAMHI	0.0 	0.0 	4.1 	0.0 	0.0 	0.0 	6.1 	0.0 	0.0 	0.0 	0.0 	0.0 	3.9 	0.0 	2.0 	3.6 	0.0 	0.0 	0.0 	0.0 	0.0 	0.0 	0.0 	0.0 	0.0 	0.0 	0.0 	0.0 	0.0 	0.0 	0.0 	19.7 
    	septiembre	SENAMHI	5.8 	0.0 	9.0 	0.0 	0.0 	0.0 	0.0 	6.3 	1.9 	0.0 	0.0 	0.0 	3.9 	0.0 	0.0 	0.0 	2.5 	5.7 	0.0 	0.0 	10.2	0.0 	4.1 	0.0 	9.7 	0.0 	0.0 	0.0 	11.3	0.0 	    	70.4 
    	octubre   	SENAMHI	2.5 	0.0 	7.2 	3.4 	0.0 	2.0 	11.5	9.1 	6.3 	4.9 	10.0	9.1 	0.0 	12.0	0.0 	0.0 	8.6 	0.0 	10.2	0.0 	7.7 	3.9 	2.8 	0.0 	14.5	5.8 	0.0 	21.4	0.0 	10.2	4.1 	167.2
    	noviembre 	SENAMHI	15.8	7.0 	6.4 	8.2 	7.9 	3.8 	0.0 	0.0 	4.0 	0.0 	8.1 	4.3 	4.9 	9.8 	0.0 	6.1 	12.0	0.0 	0.0 	0.0 	9.0 	16.0	7.9 	8.3 	3.8 	0.0 	11.9	20.2	3.9 	8.0 	    	187.3
    	diciembre 	SENAMHI	0.0 	0.0 	5.9 	6.2 	4.9 	2.0 	9.0 	0.0 	9.7 	10.2	0.0 	2.0 	12.0	6.0 	25.4	0.0 	0.0 	9.2 	2.2 	4.8 	0.0 	0.0 	0.0 	3.2 	14.1	2.9 	0.0 	0.0 	4.5 	6.7 	0.0 	140.9
1988	enero     	SENAMHI	4.9 	0.0 	10.0	7.9 	11.0	0.0 	0.0 	8.2 	0.0 	5.0 	0.0 	6.2 	0.0 	7.8 	9.8 	0.0 	0.0 	12.4	6.1 	10.0	13.6	0.0 	5.6 	8.5 	0.0 	6.0 	6.7 	9.8 	11.3	0.0 	14.4	175.2
    	febrero   	SENAMHI	6.1 	12.9	0.0 	4.9 	10.0	0.0 	0.0 	0.0 	0.0 	8.9 	0.0 	0.0 	0.0 	3.0 	7.2 	14.0	0.0 	9.7 	0.0 	11.6	0.0 	12.2	6.8 	9.9 	0.0 	0.0 	0.0 	7.8 	3.0 	    	    	128.0
    	marzo     	SENAMHI	0.0 	2.9 	9.9 	0.0 	0.0 	0.0 	0.0 	0.0 	9.1 	11.4	8.2 	0.0 	0.0 	7.2 	9.4 	0.0 	13.1	8.7 	0.0 	10.4	13.8	10.2	0.0 	6.3 	0.0 	0.0 	9.4 	8.1 	4.3 	0.0 	0.0 	142.4
    	abril     	SENAMHI	0.0 	6.9 	12.0	0.0 	0.0 	0.0 	3.1 	8.9 	0.0 	10.2	0.0 	0.0 	3.1 	9.8 	7.7 	0.0 	0.0 	0.0 	3.0 	0.0 	5.7 	0.0 	0.0 	0.0 	9.0 	0.0 	4.2 	3.0 	0.0 	0.0 	    	86.6 
    	mayo      	SENAMHI	0.0 	0.0 	5.2 	2.2 	0.0 	0.0 	0.0 	3.9 	0.0 	4.1 	5.0 	0.0 	0.0 	0.0 	0.0 	2.1 	3.9 	0.0 	0.0 	0.0 	0.0 	2.0 	4.3 	0.0 	6.8 	0.0 	9.2 	0.0 	0.0 	0.0 	0.0 	48.7 
    	junio     	SENAMHI	3.2 	0.0 	0.0 	2.0 	0.0 	0.0 	0.0 	0.0 	0.0 	0.0 	6.1 	0.0 	0.0 	0.0 	0.0 	0.0 	0.0 	0.0 	0.0 	0.0 	0.0 	0.0 	0.0 	3.9 	0.0 	0.0 	0.0 	0.0 	0.0 	3.1 	    	18.3 
    	julio     	SENAMHI	0.0 	0.0 	0.0 	0.0 	0.0 	0.0 	0.0 	4.2 	0.0 	0.0 	0.0 	0.0 	0.0 	0.0 	0.0 	0.0 	0.0 	0.0 	0.0 	0.0 	0.0 	0.0 	3.6 	0.0 	0.0 	0.0 	0.0 	0.0 	0.0 	0.0 	0.0 	7.8  
    	agosto    	SENAMHI	0.0 	0.0 	0.0 	0.0 	0.0 	0.0 	0.0 	0.0 	0.0 	0.0 	8.1 	0.0 	0.0 	0.0 	0.0 	0.0 	0.0 	10.0	0.0 	6.6 	0.0 	0.0 	8.4 	0.0 	7.5 	0.0 	0.0 	0.0 	0.0 	0.0 	0.0 	40.6 
    	septiembre	SENAMHI	0.0 	1.4 	0.0 	6.0 	0.0 	0.0 	2.1 	0.0 	0.0 	6.2 	3.0 	0.0 	0.0 	0.0 	0.0 	4.0 	0.0 	0.0 	0.0 	6.1 	0.0 	0.0 	6.6 	0.0 	2.0 	0.0 	8.4 	0.0 	6.1 	3.9 	    	55.8 
    	octubre   	SENAMHI	0.0 	0.0 	6.8 	5.7 	0.0 	0.0 	0.0 	0.0 	4.4 	11.2	0.0 	0.0 	0.0 	3.0 	0.0 	0.0 	0.0 	9.9 	0.0 	0.0 	4.0 	0.0 	7.1 	0.0 	0.0 	6.0 	0.0 	0.0 	2.9 	0.0 	6.8 	67.8 
    	noviembre 	SENAMHI	6.6 	4.9 	6.9 	0.0 	0.0 	0.0 	0.0 	3.9 	5.0 	3.9 	0.0 	0.0 	0.0 	0.0 	12.3	0.0 	0.0 	0.0 	0.0 	3.3 	4.6 	4.0 	0.0 	12.2	0.0 	0.0 	0.0 	0.0 	7.0 	0.0 	    	74.6 
    	diciembre 	SENAMHI	0.0 	4.0 	0.0 	0.0 	3.0 	0.0 	0.0 	6.0 	3.9 	2.6 	0.0 	0.0 	10.2	6.7 	2.3 	0.0 	5.4 	9.1 	0.0 	7.4 	0.0 	11.8	9.0 	6.2 	4.2 	0.0 	9.3 	3.8 	9.9 	0.0 	11.2	126.0
1989	enero     	SENAMHI	0.0 	4.9 	5.6 	10.0	0.0 	9.0 	0.0 	0.0 	0.0 	11.4	0.0 	9.4 	10.5	0.0 	0.0 	7.9 	0.0 	12.9	5.8 	0.0 	8.2 	0.0 	0.0 	0.0 	0.0 	10.5	7.0 	0.0 	5.2 	9.1 	4.6 	132.0
    	febrero   	SENAMHI	2.8 	4.5 	0.0 	0.0 	0.0 	9.4 	12.4	0.0 	6.1 	9.0 	14.2	0.0 	0.0 	0.0 	7.2 	9.2 	4.1 	0.0 	0.0 	13.9	9.0 	14.7	0.0 	6.6 	8.9 	10.5	4.9 	12.8	    	    	    	160.2
    	marzo     	SENAMHI	0.0 	9.9 	0.0 	8.2 	7.0 	0.0 	13.9	14.0	3.9 	5.2 	0.0 	0.0 	7.2 	0.0 	0.0 	9.9 	5.0 	0.0 	3.8 	8.0 	15.0	0.0 	0.0 	2.9 	6.2 	9.0 	0.0 	7.5 	0.0 	3.6 	4.1 	144.3
    	abril     	SENAMHI	0.0 	4.9 	3.8 	0.0 	0.0 	6.0 	0.0 	5.2 	9.9 	0.0 	4.7 	0.9 	7.4 	0.0 	3.2 	2.9 	0.0 	3.5 	0.0 	0.0 	3.2 	0.0 	0.0 	2.0 	0.0 	0.0 	3.0 	4.7 	6.0 	0.0 	    	71.3 
    	mayo      	SENAMHI	0.0 	0.0 	0.0 	0.0 	3.2 	0.0 	0.0 	0.0 	0.0 	0.0 	0.0 	0.0 	5.2 	4.0 	0.0 	0.0 	0.0 	0.0 	2.3 	0.0 	4.0 	0.0 	0.0 	0.0 	0.0 	0.0 	5.2 	0.0 	0.0 	0.0 	0.0 	23.9 
    	junio     	SENAMHI	0.0 	0.0 	0.0 	0.0 	0.0 	0.0 	0.0 	2.0 	2.5 	0.0 	0.0 	0.0 	0.0 	0.0 	0.0 	0.0 	0.0 	0.0 	0.0 	0.0 	0.0 	0.0 	6.2 	4.3 	0.0 	0.0 	0.0 	0.0 	0.0 	0.0 	    	15.0 
    	julio     	SENAMHI	0.0 	0.0 	0.0 	0.0 	0.0 	0.0 	0.0 	0.0 	0.0 	0.0 	0.0 	2.0 	6.1 	3.3 	0.0 	0.0 	0.0 	0.0 	3.8 	0.0 	0.0 	0.0 	0.0 	0.0 	0.0 	0.0 	0.0 	0.0 	0.0 	0.0 	0.0 	15.2 
    	agosto    	SENAMHI	0.0 	0.0 	0.0 	0.0 	0.0 	0.0 	0.0 	0.0 	0.0 	0.0 	0.0 	0.0 	0.0 	0.0 	0.0 	0.0 	0.0 	0.0 	0.0 	0.0 	0.0 	0.0 	0.0 	0.0 	0.0 	4.2 	0.0 	0.0 	0.0 	0.0 	0.0 	4.2  
    	septiembre	SENAMHI	0.0 	0.0 	0.0 	0.0 	0.0 	0.0 	5.1 	0.0 	0.0 	2.0 	0.0 	0.0 	0.0 	0.0 	0.0 	6.6 	4.2 	0.0 	0.0 	0.0 	8.2 	0.0 	0.0 	9.7 	4.0 	0.0 	0.0 	0.0 	2.0 	0.0 	    	41.8 
    	octubre   	SENAMHI	0.0 	0.0 	0.0 	0.0 	0.0 	0.0 	2.3 	0.0 	2.0 	0.0 	0.0 	0.0 	0.0 	0.0 	3.0 	4.5 	2.9 	0.0 	4.2 	0.0 	0.0 	0.0 	0.0 	6.4 	2.3 	3.9 	0.0 	0.0 	0.0 	0.0 	0.0 	31.5 
    	noviembre 	SENAMHI	0.0 	0.0 	0.0 	0.0 	3.0 	8.7 	0.0 	0.0 	0.0 	6.1 	0.0 	4.0 	0.0 	0.0 	0.0 	0.0 	7.0 	4.9 	0.0 	0.0 	6.3 	4.4 	0.0 	0.0 	0.0 	3.8 	0.0 	0.0 	0.0 	0.0 	    	48.2 
    	diciembre 	SENAMHI	5.2 	0.0 	0.0 	0.0 	6.1 	0.0 	0.0 	0.0 	0.0 	6.2 	2.9 	0.0 	0.0 	8.4 	6.9 	3.6 	1.3 	8.5 	6.0 	0.0 	6.6 	0.0 	5.1 	0.0 	5.3 	7.0 	0.0 	0.0 	3.9 	6.8 	0.0 	89.8 
1990	enero     	SENAMHI	0.0 	0.0 	0.0 	0.0 	0.0 	4.0 	6.6 	0.0 	3.9 	8.1 	8.1 	9.0 	0.0 	0.0 	0.0 	7.2 	0.0 	0.0 	5.6 	3.2 	9.1 	0.0 	0.0 	0.0 	0.0 	6.1 	0.0 	10.0	4.1 	7.8 	0.0 	92.8 
    	febrero   	SENAMHI	0.0 	0.0 	9.2 	4.7 	0.0 	0.0 	0.0 	0.0 	0.0 	8.6 	0.0 	0.0 	12.0	4.8 	7.0 	0.0 	0.0 	2.9 	0.0 	9.5 	0.0 	2.0 	3.9 	0.0 	0.0 	0.0 	4.8 	0.0 	    	    	    	69.4 
    	marzo     	SENAMHI	4.9 	9.5 	0.0 	0.0 	3.2 	0.0 	0.0 	6.0 	0.0 	4.7 	0.0 	0.0 	0.0 	0.0 	0.0 	2.9 	8.0 	0.0 	0.0 	3.0 	4.0 	0.0 	2.2 	0.0 	0.0 	4.2 	0.0 	0.0 	0.0 	0.0 	5.2 	57.8 
    	abril     	SENAMHI	0.0 	4.0 	0.0 	0.0 	0.0 	3.9 	0.0 	0.0 	5.6 	0.0 	0.0 	0.0 	0.0 	0.0 	7.2 	4.3 	3.6 	0.0 	0.0 	0.0 	0.0 	4.9 	0.0 	3.0 	6.3 	2.9 	0.0 	3.0 	0.0 	0.0 	    	48.7 
    	mayo      	SENAMHI	0.0 	0.0 	0.0 	0.0 	0.0 	0.0 	0.0 	2.0 	0.0 	2.0 	0.0 	0.0 	0.0 	0.0 	0.0 	0.0 	0.0 	0.0 	2.2 	0.0 	0.0 	3.4 	0.0 	0.0 	0.0 	0.0 	0.0 	0.0 	0.0 	0.0 	0.0 	9.6  
    	junio     	SENAMHI	0.0 	0.0 	0.0 	2.4 	0.0 	0.0 	0.0 	0.0 	0.0 	2.6 	0.0 	0.0 	0.0 	0.0 	0.0 	0.0 	0.0 	0.0 	0.0 	0.0 	0.0 	0.0 	0.0 	0.0 	0.0 	0.0 	0.0 	0.0 	2.3 	0.0 	    	7.3  
    	julio     	SENAMHI	0.0 	0.0 	0.0 	0.0 	2.0 	0.0 	0.0 	0.0 	3.2 	0.0 	0.0 	0.0 	0.0 	0.0 	0.0 	0.0 	0.0 	0.0 	0.0 	2.4 	0.0 	0.0 	3.6 	0.0 	0.0 	0.0 	0.0 	0.0 	2.0 	0.0 	0.0 	13.2 
    	agosto    	SENAMHI	4.0 	0.0 	0.0 	0.0 	0.0 	3.2 	2.9 	0.0 	0.0 	0.0 	0.0 	0.0 	0.0 	0.0 	0.0 	0.0 	0.0 	5.2 	0.0 	0.0 	0.0 	0.0 	0.0 	0.0 	0.0 	0.0 	0.0 	0.0 	0.0 	0.0 	0.0 	15.3 
    	septiembre	SENAMHI	2.4 	3.7 	2.2 	3.9 	4.2 	0.0 	0.0 	0.0 	0.0 	0.0 	3.0 	2.8 	4.0 	0.0 	0.0 	6.4 	0.0 	0.0 	0.0 	0.0 	0.0 	0.0 	0.0 	0.0 	0.0 	0.0 	0.0 	0.0 	0.0 	0.0 	    	32.6 
    	octubre   	SENAMHI	0.0 	0.0 	3.0 	0.0 	3.0 	4.2 	2.9 	0.0 	0.0 	4.3 	0.0 	0.0 	0.0 	0.0 	0.0 	0.0 	0.0 	0.0 	0.0 	0.0 	5.0 	4.2 	0.0 	0.0 	0.0 	0.0 	3.9 	0.0 	0.0 	0.0 	0.0 	30.5 
    	noviembre 	SENAMHI	0.0 	0.0 	0.0 	0.0 	0.0 	0.0 	0.0 	4.0 	0.0 	6.1 	0.0 	0.0 	8.0 	0.0 	0.0 	0.0 	6.5 	0.0 	0.0 	0.0 	3.5 	4.6 	4.9 	3.9 	0.0 	0.0 	0.0 	2.9 	0.0 	2.1 	    	46.5 
    	diciembre 	SENAMHI	3.2 	3.9 	5.9 	16.3	0.0 	0.0 	5.0 	4.0 	0.0 	3.4 	0.0 	0.0 	0.0 	0.8 	0.0 	0.0 	0.0 	6.2 	1.3 	4.4 	0.0 	3.9 	0.0 	0.0 	0.0 	1.5 	0.0 	0.0 	0.0 	0.0 	0.0 	59.8 
1991	enero     	SENAMHI	3.2 	4.8 	6.0 	0.0 	1.0 	6.4 	0.0 	0.0 	0.0 	1.4 	0.0 	0.0 	0.0 	0.0 	7.0 	3.9 	0.0 	0.0 	0.0 	5.5 	0.0 	0.0 	0.0 	0.0 	0.0 	0.0 	0.0 	0.0 	0.0 	6.9 	5.5 	51.6 
    	febrero   	SENAMHI	0.0 	0.0 	0.0 	6.0 	5.3 	4.3 	0.0 	0.0 	0.0 	0.0 	0.0 	0.0 	0.0 	7.2 	4.9 	0.0 	0.0 	0.0 	0.0 	0.0 	0.0 	0.0 	0.0 	0.0 	0.0 	0.0 	0.0 	0.0 	    	    	    	27.7 
    	marzo     	SENAMHI	0.0 	0.0 	7.0 	10.2	6.8 	0.0 	0.0 	0.0 	0.0 	0.0 	0.0 	3.9 	0.0 	6.8 	7.0 	0.0 	12.2	10.9	9.0 	0.0 	0.0 	0.0 	0.0 	0.0 	5.6 	0.0 	6.7 	8.5 	0.0 	6.2 	0.0 	100.8
    	abril     	SENAMHI	3.9 	5.7 	0.6 	0.0 	1.7 	4.4 	0.0 	1.4 	2.2 	0.0 	1.9 	0.0 	0.0 	0.0 	0.5 	6.6 	0.0 	0.0 	10.7	0.0 	4.1 	4.4 	2.5 	0.0 	7.2 	0.0 	1.5 	0.0 	0.0 	0.0 	    	59.3 
    	mayo      	SENAMHI	0.0 	0.0 	0.6 	0.0 	0.0 	0.0 	0.0 	0.0 	0.0 	0.0 	4.6 	0.0 	6.7 	0.0 	4.1 	0.0 	5.0 	1.2 	0.0 	0.0 	0.0 	0.0 	0.0 	0.0 	0.0 	0.0 	0.0 	0.0 	0.0 	0.0 	1.0 	23.2 
    	junio     	SENAMHI	0.0 	0.0 	0.0 	0.0 	0.0 	0.0 	0.0 	0.0 	0.0 	0.0 	0.7 	0.0 	0.1 	0.0 	0.0 	0.0 	0.0 	0.0 	0.0 	0.0 	0.0 	0.0 	0.0 	0.0 	0.0 	0.0 	0.0 	0.0 	0.0 	0.0 	    	0.8  
    	julio     	SENAMHI	0.0 	0.0 	0.0 	0.0 	0.0 	0.0 	0.0 	3.6 	1.4 	0.0 	0.0 	0.0 	0.0 	0.0 	0.0 	0.0 	0.0 	0.0 	0.0 	0.0 	0.0 	0.0 	0.4 	0.0 	0.0 	0.0 	0.0 	5.5 	0.0 	0.0 	0.0 	10.9 
    	agosto    	SENAMHI	3.3 	0.0 	0.0 	2.8 	1.4 	0.0 	0.0 	0.0 	0.0 	0.0 	6.3 	1.5 	0.0 	0.0 	0.0 	4.1 	0.0 	0.0 	0.0 	0.0 	1.9 	2.0 	0.0 	4.4 	0.0 	3.3 	1.9 	0.0 	1.3 	0.0 	0.0 	34.2 
    	septiembre	SENAMHI	0.0 	0.0 	4.0 	0.0 	0.0 	1.0 	0.0 	2.8 	0.0 	0.0 	0.5 	0.0 	0.9 	3.5 	0.0 	4.9 	0.0 	2.8 	0.0 	0.0 	2.4 	0.0 	0.0 	0.0 	0.0 	0.0 	0.0 	0.0 	5.2 	0.0 	    	28.0 
    	octubre   	SENAMHI	0.0 	0.0 	0.0 	0.0 	0.0 	0.0 	0.0 	1.0 	0.0 	0.0 	0.0 	0.0 	0.0 	0.0 	0.0 	0.0 	0.0 	0.0 	0.0 	0.0 	0.0 	3.7 	0.0 	0.0 	0.0 	0.0 	0.0 	0.0 	0.0 	0.0 	5.9 	10.6 
    	noviembre 	SENAMHI	4.4 	0.0 	0.0 	0.0 	1.6 	0.0 	0.0 	0.0 	9.4 	1.0 	0.0 	0.0 	0.0 	0.0 	0.0 	1.1 	0.0 	0.0 	3.0 	0.0 	7.9 	0.0 	0.0 	1.8 	0.0 	0.0 	0.0 	0.0 	0.0 	0.0 	    	30.2 
    	diciembre 	SENAMHI	4.4 	0.6 	0.0 	0.0 	5.0 	1.0 	0.0 	0.0 	0.0 	0.0 	0.0 	0.0 	4.6 	0.0 	5.1 	0.0 	0.0 	0.0 	0.0 	0.0 	0.0 	0.0 	1.7 	0.0 	0.0 	0.0 	0.0 	0.0 	0.0 	0.0 	0.0 	22.4 
1992	enero     	SENAMHI	0.0 	3.1 	2.8 	0.0 	0.0 	0.0 	0.0 	6.2 	5.7 	0.0 	0.0 	0.0 	7.4 	0.0 	0.0 	0.0 	0.0 	6.2 	9.2 	7.3 	0.0 	0.0 	3.5 	4.1 	2.4 	0.0 	0.0 	0.0 	9.1 	4.2 	5.2 	76.4 
    	febrero   	SENAMHI	0.0 	0.0 	0.0 	0.0 	0.0 	0.0 	0.9 	1.8 	0.0 	0.0 	0.0 	3.5 	0.0 	2.3 	0.0 	0.0 	0.0 	0.0 	0.0 	0.0 	4.8 	0.0 	0.0 	0.0 	0.0 	0.0 	0.0 	0.0 	0.0 	    	    	13.3 
    	marzo     	SENAMHI	0.6 	0.9 	0.0 	1.8 	0.0 	5.3 	0.0 	2.0 	0.0 	0.0 	3.4 	0.0 	0.0 	0.0 	0.0 	1.2 	1.0 	1.9 	0.0 	0.0 	0.0 	0.0 	3.0 	0.0 	1.4 	0.0 	0.0 	0.0 	0.0 	0.0 	0.0 	22.5 
    	abril     	SENAMHI	0.0 	0.0 	0.0 	0.0 	0.0 	3.2 	0.0 	2.4 	0.0 	3.0 	0.0 	0.0 	0.0 	0.0 	4.0 	0.0 	0.0 	0.0 	0.0 	2.0 	0.0 	0.0 	0.0 	0.0 	0.0 	4.2 	0.0 	0.0 	0.0 	0.0 	    	18.8 
    	mayo      	SENAMHI	0.0 	0.0 	0.0 	0.0 	0.0 	0.0 	0.0 	2.2 	5.9 	0.0 	0.0 	0.0 	0.0 	0.0 	0.0 	0.0 	0.0 	0.0 	0.0 	2.2 	0.0 	0.0 	0.0 	0.0 	0.0 	0.0 	0.0 	0.0 	0.0 	3.2 	0.0 	13.5 
    	junio     	SENAMHI	0.0 	0.0 	0.0 	0.0 	0.0 	0.0 	0.0 	0.0 	0.0 	0.0 	0.0 	0.0 	0.0 	0.0 	0.0 	0.0 	0.0 	0.0 	0.0 	0.0 	0.0 	0.0 	0.0 	3.0 	0.0 	2.9 	0.0 	0.0 	4.0 	0.0 	    	9.9  
    	julio     	SENAMHI	0.0 	0.0 	0.0 	0.0 	0.0 	0.0 	0.0 	0.0 	0.0 	0.0 	0.0 	0.0 	0.0 	0.0 	4.0 	3.0 	1.2 	0.0 	0.0 	0.0 	0.0 	0.0 	0.0 	0.0 	0.0 	0.0 	0.0 	0.0 	0.0 	0.0 	3.0 	11.2 
    	agosto    	SENAMHI	0.0 	0.0 	0.0 	0.0 	0.0 	0.0 	0.0 	0.0 	0.0 	0.0 	0.0 	0.0 	0.0 	0.0 	2.0 	0.0 	2.2 	0.0 	0.0 	0.0 	0.0 	0.0 	0.0 	2.8 	3.3 	3.6 	0.0 	0.0 	6.0 	0.0 	0.0 	19.9 
    	septiembre	SENAMHI	0.0 	2.8 	0.0 	0.0 	0.0 	5.3 	0.0 	6.0 	0.0 	0.0 	0.0 	0.0 	3.0 	0.0 	6.9 	0.0 	0.0 	8.0 	0.0 	0.0 	0.0 	0.0 	3.7 	0.0 	0.0 	0.0 	4.8 	0.0 	0.0 	5.6 	    	46.1 
    	octubre   	SENAMHI	0.0 	0.0 	3.9 	0.0 	0.0 	0.0 	0.0 	9.3 	4.0 	0.0 	0.0 	0.0 	6.7 	0.0 	9.6 	8.0 	0.0 	0.0 	0.0 	3.7 	0.0 	8.2 	0.0 	3.9 	0.0 	0.0 	3.4 	0.0 	0.4 	0.0 	4.0 	65.1 
    	noviembre 	SENAMHI	0.0 	0.0 	0.0 	0.0 	0.0 	0.0 	0.0 	6.0 	4.2 	0.0 	0.0 	0.0 	0.0 	0.0 	4.0 	0.0 	3.2 	0.0 	2.2 	2.8 	0.0 	0.0 	0.0 	0.0 	2.9 	0.0 	0.0 	3.0 	0.0 	0.0 	    	28.3 
    	diciembre 	SENAMHI	4.2 	6.0 	0.0 	0.0 	0.0 	3.6 	0.0 	0.0 	0.0 	0.0 	0.0 	0.0 	4.3 	6.0 	0.0 	5.4 	0.0 	0.0 	0.0 	0.0 	4.0 	0.0 	4.0 	3.6 	0.0 	0.0 	4.2 	0.0 	0.0 	4.0 	0.0 	49.3 
1993	enero     	SENAMHI	0.0 	3.2 	0.0 	3.8 	4.2 	3.0 	0.0 	0.0 	4.6 	0.0 	5.4 	8.3 	7.4 	9.6 	9.2 	0.0 	0.0 	4.0 	0.0 	2.9 	10.2	0.0 	9.0 	12.2	3.6 	0.0 	0.0 	0.0 	0.0 	8.0 	0.0 	108.6
    	febrero   	SENAMHI	4.0 	6.2 	0.0 	0.0 	8.0 	12.2	0.0 	0.0 	0.0 	10.0	0.0 	13.2	0.0 	0.0 	0.0 	0.0 	14.8	0.0 	6.3 	8.2 	0.0 	0.0 	2.2 	7.0 	13.0	4.9 	4.6 	0.0 	    	    	    	114.6
    	marzo     	SENAMHI	3.4 	0.0 	0.0 	0.0 	0.0 	6.2 	0.0 	5.6 	2.9 	0.0 	0.0 	0.0 	0.0 	7.4 	2.9 	3.2 	0.0 	0.0 	5.2 	0.0 	0.0 	0.0 	0.0 	9.0 	7.2 	0.0 	5.3 	6.4 	10.0	4.8 	0.0 	79.5 
    	abril     	SENAMHI	0.0 	0.0 	0.0 	0.0 	8.2 	0.1 	0.0 	0.0 	7.5 	0.0 	9.0 	0.0 	0.2 	12.2	0.0 	0.0 	0.0 	0.0 	0.0 	0.0 	8.4 	7.3 	0.0 	9.0 	0.0 	0.0 	10.3	7.9 	0.0 	0.0 	    	80.1 
    	mayo      	SENAMHI	0.0 	4.0 	6.2 	0.0 	7.8 	10.4	0.0 	3.5 	0.0 	7.2 	0.0 	0.1 	0.0 	0.0 	3.6 	0.9 	0.0 	6.8 	0.0 	0.0 	2.3 	0.0 	0.0 	2.0 	6.8 	22.4	0.0 	0.0 	0.0 	22.3	1.2 	107.5
    	junio     	SENAMHI	0.0 	0.0 	0.6 	3.0 	0.0 	0.0 	0.0 	30.2	0.0 	0.0 	0.4 	0.0 	4.0 	10.2	12.0	0.0 	21.0	0.0 	12.0	0.0 	20.2	0.0 	12.5	0.0 	0.0 	18.5	15.2	25.9	13.8	0.2 	    	199.7
    	julio     	SENAMHI	0.0 	0.9 	20.0	32.0	0.0 	11.0	30.0	10.0	22.0	0.0 	0.0 	31.0	8.2 	24.5	4.0 	0.0 	0.0 	0.5 	0.0 	0.3 	0.0 	0.0 	0.0 	0.0 	0.0 	10.1	20.2	0.0 	4.2 	11.2	0.0 	240.1
    	agosto    	SENAMHI	32.0	0.0 	10.0	0.0 	20.0	0.0 	8.2 	17.4	21.2	0.0 	18.0	30.0	0.5 	2.2 	10.4	22.0	30.2	0.2 	0.0 	3.2 	23.4	5.0 	3.2 	0.0 	0.0 	6.5 	24.2	24.6	5.5 	14.2	0.0 	332.1
    	septiembre	SENAMHI	15.0	25.4	18.0	0.0 	4.2 	17.0	0.9 	0.0 	0.0 	0.0 	17.2	23.3	20.0	0.0 	9.1 	19.8	22.0	27.0	0.0 	7.2 	4.7 	4.0 	0.6 	20.2	38.7	27.3	22.2	25.0	20.4	30.4	    	419.6
    	octubre   	SENAMHI	6.8 	42.9	1.3 	1.1 	35.4	17.0	22.5	30.4	19.8	10.6	15.0	24.6	10.2	36.3	22.6	10.2	26.8	26.2	5.5 	10.4	22.7	19.3	24.0	8.0 	10.0	33.2	41.5	12.1	10.4	10.4	10.0	577.2
    	noviembre 	SENAMHI	10.7	0.5 	0.7 	8.0 	47.2	16.0	20.9	29.2	13.0	10.0	39.5	6.0 	23.2	8.3 	18.5	15.4	16.2	13.5	10.0	10.5	9.0 	26.0	12.3	12.0	16.0	10.4	0.4 	6.0 	15.2	35.0	    	459.6
    	diciembre 	SENAMHI	25.0	20.2	15.5	17.9	30.7	16.5	20.4	25.5	24.0	11.1	15.5	23.5	49.5	21.0	17.5	15.0	26.5	17.2	11.5	5.1 	2.3 	25.0	11.9	10.2	0.0 	10.5	38.0	14.1	19.0	5.9 	10.1	556.1
1994	enero     	SENAMHI	0.5 	7.2 	30.4	0.1 	12.0	2.8 	13.0	0.7 	0.0 	20.5	10.2	27.8	1.5 	15.2	20.5	8.5 	10.1	6.2 	0.0 	18.3	0.0 	0.2 	0.0 	9.5 	3.7 	10.5	12.0	15.2	0.8 	12.0	14.2	283.6
    	febrero   	SENAMHI	12.2	13.2	0.0 	4.0 	10.0	6.3 	16.0	15.0	15.0	16.2	6.2 	11.0	14.3	10.0	6.0 	5.5 	8.0 	10.2	7.2 	2.0 	11.0	5.4 	10.0	6.2 	2.0 	6.0 	10.2	7.2 	    	    	    	246.3
    	marzo     	SENAMHI	5.5 	6.0 	7.5 	4.2 	4.0 	12.2	5.0 	8.0 	2.0 	4.5 	10.0	8.0 	0.3 	2.5 	0.3 	6.0 	27.0	12.5	3.0 	0.0 	4.0 	2.0 	15.0	18.5	8.0 	25.2	0.0 	10.0	10.0	0.0 	4.0 	225.2
    	abril     	SENAMHI	6.0 	5.0 	2.0 	10.0	2.0 	1.0 	1.0 	0.0 	15.5	10.5	18.0	12.0	5.0 	17.5	12.2	23.0	8.5 	5.0 	2.0 	1.0 	10.5	10.0	8.5 	6.5 	15.0	5.1 	15.0	22.0	20.5	16.0	    	286.3
    	mayo      	SENAMHI	3.2 	0.0 	0.2 	0.0 	0.0 	0.0 	0.0 	7.0 	10.0	0.0 	0.2 	0.0 	10.2	8.0 	2.0 	0.0 	0.0 	0.0 	0.0 	0.0 	15.0	0.0 	10.2	0.0 	0.0 	0.0 	23.0	14.2	0.0 	0.0 	0.0 	103.2
    	junio     	SENAMHI	0.0 	0.0 	0.0 	1.0 	9.5 	20.1	5.5 	0.0 	0.0 	3.0 	0.1 	0.0 	0.0 	0.0 	12.0	3.0 	10.5	0.0 	0.0 	3.5 	20.5	13.2	10.2	0.0 	0.0 	8.2 	4.0 	0.0 	0.0 	0.0 	    	124.3
    	julio     	SENAMHI	10.0	10.2	9.2 	0.0 	0.0 	0.0 	0.0 	0.0 	0.0 	0.0 	2.8 	2.0 	0.0 	0.0 	0.5 	0.0 	0.7 	0.0 	0.0 	0.0 	0.0 	0.0 	0.0 	0.0 	0.0 	0.0 	0.0 	0.0 	2.2 	6.0 	5.0 	48.6 
    	agosto    	SENAMHI	10.0	10.2	8.0 	5.0 	12.2	0.1 	0.0 	0.3 	0.0 	0.5 	0.0 	0.2 	8.0 	3.5 	0.3 	0.2 	20.0	0.0 	0.8 	0.9 	3.0 	0.0 	0.0 	0.0 	0.0 	0.0 	15.2	3.3 	0.7 	9.2 	0.0 	111.6
    	septiembre	SENAMHI	0.5 	0.6 	0.0 	0.6 	0.2 	10.2	5.0 	10.0	12.0	8.0 	18.0	27.0	0.2 	0.0 	6.0 	0.0 	0.5 	8.5 	9.5 	10.3	8.0 	15.5	0.0 	12.2	10.0	8.2 	26.7	15.0	8.5 	2.0 	    	233.2
    	octubre   	SENAMHI	10.0	8.0 	0.0 	0.0 	7.3 	10.4	2.3 	0.0 	2.0 	0.0 	0.0 	0.0 	0.0 	7.5 	7.0 	11.0	2.4 	0.0 	0.0 	12.0	18.0	10.0	7.6 	24.0	18.0	22.5	4.7 	29.2	10.2	10.0	21.3	255.4
    	noviembre 	SENAMHI	9.8 	11.5	7.0 	25.0	5.0 	2.0 	0.0 	7.0 	5.0 	6.0 	28.5	0.0 	0.0 	23.0	0.0 	17.5	13.2	0.0 	12.0	0.0 	0.0 	0.0 	0.0 	0.0 	2.0 	7.0 	19.5	4.4 	8.5 	20.0	    	233.9
    	diciembre 	SENAMHI	15.0	8.7 	5.0 	4.0 	3.0 	8.0 	0.0 	24.7	4.0 	0.0 	25.0	0.0 	3.0 	0.7 	30.0	2.5 	7.0 	0.0 	6.0 	2.0 	6.0 	16.0	0.0 	7.5 	12.4	12.0	8.0 	0.0 	10.0	0.7 	4.0 	225.2
1995	enero     	SENAMHI	7.0 	0.3 	0.8 	0.0 	12.0	0.9 	8.0 	3.0 	5.0 	0.0 	0.2 	10.0	0.6 	5.5 	10.8	4.0 	0.2 	7.5 	3.1 	6.3 	4.0 	0.0 	2.0 	16.0	5.0 	10.0	9.0 	5.0 	0.7 	13.0	4.0 	153.9
    	febrero   	SENAMHI	2.0 	0.2 	0.0 	8.5 	0.0 	0.0 	0.0 	5.0 	0.0 	0.0 	0.0 	0.0 	6.0 	9.0 	10.0	0.0 	0.2 	0.0 	10.0	4.0 	5.0 	2.0 	15.5	3.0 	10.5	6.0 	12.0	7.5 	    	    	    	116.4
    	marzo     	SENAMHI	8.0 	7.5 	15.0	5.0 	12.0	17.0	0.2 	20.5	8.0 	13.0	16.0	3.0 	9.0 	5.0 	4.0 	2.0 	20.0	0.2 	2.4 	4.0 	10.0	9.5 	1.1 	0.0 	0.0 	7.2 	2.5 	0.0 	15.0	3.0 	8.0 	228.1
    	abril     	SENAMHI	4.0 	2.0 	7.0 	0.0 	5.2 	2.2 	0.3 	0.0 	3.0 	0.0 	0.0 	7.0 	0.0 	0.0 	0.0 	3.0 	8.0 	0.0 	0.0 	0.0 	0.0 	0.0 	0.0 	0.0 	22.0	3.5 	0.7 	0.0 	0.0 	0.0 	    	67.9 
    	mayo      	SENAMHI	0.0 	0.0 	0.0 	0.0 	0.0 	0.0 	0.0 	0.0 	0.0 	0.0 	0.0 	7.0 	4.0 	2.0 	6.2 	3.5 	0.0 	0.0 	0.0 	3.8 	2.6 	0.5 	0.0 	4.0 	8.5 	0.0 	0.0 	0.0 	0.0 	1.0 	0.0 	43.1 
    	junio     	SENAMHI	0.0 	0.3 	0.2 	0.0 	0.0 	0.5 	4.5 	0.0 	0.0 	0.0 	0.0 	0.0 	0.0 	3.5 	1.5 	0.0 	0.0 	0.0 	0.0 	0.0 	2.2 	0.0 	0.0 	0.5 	0.0 	0.0 	0.0 	0.0 	0.0 	0.0 	    	13.2 
    	julio     	SENAMHI	0.0 	0.0 	0.1 	0.0 	1.1 	0.0 	0.3 	2.7 	0.0 	0.0 	0.5 	3.2 	0.0 	0.0 	0.0 	0.0 	0.1 	0.0 	0.0 	0.0 	7.6 	15.7	0.0 	0.0 	2.5 	0.0 	0.0 	0.0 	0.0 	0.0 	0.0 	33.8 
    	agosto    	SENAMHI	0.0 	0.0 	0.0 	0.0 	0.0 	0.0 	0.0 	0.0 	0.0 	0.0 	0.0 	0.0 	0.0 	0.0 	0.0 	1.5 	0.3 	0.1 	6.5 	0.0 	4.2 	0.3 	0.1 	0.0 	0.3 	0.0 	3.2 	0.0 	8.0 	0.5 	2.0 	27.0 
    	septiembre	SENAMHI	3.0 	0.0 	1.5 	0.0 	4.0 	0.5 	0.0 	0.4 	2.0 	0.2 	0.3 	12.0	10.0	1.7 	13.3	0.0 	0.0 	0.6 	0.2 	9.8 	0.0 	15.0	0.0 	5.0 	2.2 	0.4 	0.4 	0.0 	0.2 	4.0 	    	86.7 
    	octubre   	SENAMHI	1.0 	0.2 	0.1 	1.0 	0.3 	2.0 	2.5 	3.0 	0.6 	3.5 	0.0 	0.3 	1.3 	0.1 	0.0 	1.4 	0.0 	0.0 	0.3 	0.5 	8.2 	1.3 	0.7 	0.2 	0.9 	0.1 	0.6 	11.5	0.0 	0.9 	0.2 	42.7 
    	noviembre 	SENAMHI	0.0 	0.2 	0.1 	0.9 	9.0 	2.5 	2.0 	1.5 	0.0 	0.4 	3.0 	3.2 	0.0 	1.7 	0.0 	2.1 	0.3 	0.4 	0.0 	6.3 	4.3 	2.2 	0.5 	1.0 	0.0 	0.0 	0.1 	0.0 	0.0 	0.2 	    	41.9 
    	diciembre 	SENAMHI	0.1 	0.0 	0.0 	0.0 	1.1 	2.5 	0.0 	0.0 	0.0 	0.0 	0.0 	1.0 	0.0 	0.0 	0.0 	0.2 	7.0 	10.5	2.8 	8.4 	1.5 	6.2 	6.5 	2.0 	7.8 	5.5 	3.0 	7.2 	0.0 	2.5 	0.0 	75.8 
1996	enero     	SENAMHI	7.0 	5.0 	9.5 	10.0	0.3 	2.5 	6.5 	0.0 	9.0 	3.5 	0.1 	2.0 	0.3 	1.0 	3.0 	0.4 	3.0 	0.0 	4.0 	7.0 	2.0 	2.5 	0.3 	0.0 	4.3 	1.5 	7.0 	0.4 	0.0 	1.5 	0.5 	94.1 
    	febrero   	SENAMHI	4.0 	0.0 	3.0 	0.2 	0.0 	1.5 	6.2 	1.2 	2.2 	0.0 	5.2 	0.7 	3.0 	0.0 	8.3 	0.4 	0.0 	10.0	1.7 	0.2 	6.2 	3.1 	1.0 	0.0 	0.0 	0.0 	3.2 	2.0 	0.5 	    	    	63.8 
    	marzo     	SENAMHI	3.0 	0.4 	0.0 	2.5 	0.0 	8.5 	1.5 	0.0 	0.0 	0.6 	0.0 	7.0 	0.3 	0.0 	0.2 	1.0 	0.0 	0.0 	4.5 	0.7 	0.0 	0.0 	6.0 	1.0 	0.0 	0.3 	0.0 	0.0 	0.3 	0.6 	1.5 	39.9 
    	abril     	SENAMHI	0.2 	2.1 	0.0 	0.1 	0.0 	0.3 	0.0 	1.0 	0.0 	0.6 	0.0 	6.0 	0.0 	0.0 	0.0 	0.0 	0.9 	6.0 	0.0 	0.6 	1.1 	0.0 	6.5 	2.2 	9.1 	0.0 	0.0 	0.7 	3.5 	0.0 	    	40.9 
    	mayo      	SENAMHI	0.0 	0.0 	0.6 	0.3 	0.0 	0.0 	0.0 	0.0 	0.2 	0.0 	0.0 	1.2 	0.1 	0.2 	0.0 	0.0 	1.2 	0.2 	0.3 	0.0 	0.0 	2.2 	0.3 	0.0 	0.0 	0.0 	0.0 	0.5 	0.0 	0.0 	0.0 	7.3  
    	junio     	SENAMHI	0.0 	0.0 	0.2 	0.9 	0.0 	0.0 	0.1 	0.0 	0.0 	0.0 	0.3 	0.0 	0.0 	0.0 	0.0 	0.0 	0.0 	0.0 	0.0 	0.0 	0.0 	1.8 	0.3 	0.0 	0.0 	0.5 	0.2 	0.0 	0.0 	0.0 	    	4.3  
    	julio     	SENAMHI	0.0 	0.3 	0.1 	0.0 	7.5 	0.2 	0.0 	0.0 	0.3 	0.0 	0.5 	0.0 	0.0 	0.0 	0.0 	0.0 	0.0 	0.0 	0.0 	0.0 	0.1 	0.0 	0.0 	0.0 	0.0 	0.2 	6.3 	4.0 	0.0 	2.5 	1.4 	23.4 
    	agosto    	SENAMHI	1.3 	0.0 	0.2 	3.2 	0.0 	2.0 	0.0 	0.1 	0.0 	2.3 	0.0 	0.8 	2.7 	0.0 	2.9 	0.0 	1.1 	0.8 	0.0 	0.2 	0.0 	3.3 	4.0 	2.2 	1.5 	0.0 	2.8 	0.0 	0.4 	0.1 	0.0 	31.9 
    	septiembre	SENAMHI	0.0 	0.0 	0.0 	2.1 	1.0 	0.5 	0.2 	0.8 	6.0 	0.0 	1.5 	1.4 	3.5 	0.6 	0.2 	3.0 	2.0 	0.1 	0.2 	0.3 	0.4 	2.5 	1.7 	0.0 	0.0 	0.7 	1.8 	0.1 	0.0 	1.0 	    	31.6 
    	octubre   	SENAMHI	0.0 	0.0 	0.0 	3.6 	4.3 	3.2 	0.9 	6.2 	0.0 	2.0 	0.5 	6.8 	0.0 	4.0 	24.2	0.3 	1.1 	0.8 	0.0 	0.3 	3.3 	2.1 	0.0 	0.3 	0.0 	4.2 	12.0	1.2 	5.2 	4.2 	0.4 	91.1 
    	noviembre 	SENAMHI	0.5 	2.1 	6.2 	3.1 	0.4 	1.3 	2.3 	10.0	0.0 	0.8 	0.2 	0.1 	0.0 	0.0 	0.0 	0.0 	0.0 	0.0 	0.0 	0.0 	0.7 	0.1 	0.0 	0.0 	0.4 	10.2	7.2 	3.1 	5.0 	1.3 	    	55.0 
    	diciembre 	SENAMHI	0.2 	0.0 	2.1 	4.3 	0.1 	6.5 	0.0 	0.4 	0.0 	8.0 	0.4 	0.0 	3.5 	0.0 	7.2 	0.0 	2.1 	1.0 	4.2 	0.0 	5.0 	2.0 	0.4 	1.0 	2.3 	3.5 	0.5 	1.5 	0.0 	0.0 	0.0 	56.2 
1997	enero     	SENAMHI	0.1 	0.4 	0.0 	0.3 	3.2 	2.0 	0.0 	5.3 	3.2 	0.1 	8.0 	3.0 	6.0 	0.7 	10.2	3.2 	5.5 	1.3 	7.5 	4.0 	12.0	7.0 	5.0 	6.5 	10.3	3.0 	0.2 	8.0 	7.5 	4.0 	1.0 	128.5
    	febrero   	SENAMHI	0.0 	0.2 	0.0 	2.5 	3.2 	6.5 	4.5 	5.0 	10.5	6.8 	8.8 	2.0 	12.5	10.2	3.5 	3.0 	5.2 	0.7 	3.3 	6.0 	2.1 	9.3 	5.2 	2.0 	4.0 	3.5 	0.0 	0.1 	    	    	    	120.6
    	marzo     	SENAMHI	0.0 	3.0 	1.5 	0.0 	4.3 	0.0 	7.5 	0.0 	0.8 	1.7 	0.0 	0.3 	0.1 	0.0 	0.0 	0.0 	0.0 	0.4 	0.0 	0.2 	0.0 	2.2 	1.5 	1.5 	0.1 	0.0 	0.6 	0.0 	0.3 	0.0 	0.0 	26.0 
    	abril     	SENAMHI	0.0 	3.5 	0.0 	0.0 	0.0 	0.6 	3.0 	0.2 	0.0 	0.6 	0.1 	0.8 	0.0 	0.0 	1.7 	6.2 	0.0 	2.5 	2.0 	0.0 	0.0 	0.0 	0.0 	1.0 	0.7 	3.0 	5.2 	3.0 	0.6 	2.0 	    	36.7 
    	mayo      	SENAMHI	2.0 	0.0 	0.6 	1.5 	0.0 	0.0 	0.2 	0.0 	0.1 	0.0 	0.0 	0.0 	0.0 	0.0 	0.0 	0.0 	0.0 	0.0 	0.0 	0.0 	0.0 	0.0 	0.0 	0.0 	0.0 	3.0 	3.5 	0.5 	10.2	0.0 	0.0 	21.6 
    	junio     	SENAMHI	0.0 	0.0 	0.0 	2.0 	1.5 	0.0 	0.1 	0.0 	0.0 	0.0 	0.0 	0.0 	0.0 	0.0 	0.0 	0.0 	3.0 	0.0 	0.1 	0.0 	1.3 	0.0 	2.3 	2.5 	0.0 	0.0 	0.0 	0.0 	0.7 	0.0 	    	13.5 
    	julio     	SENAMHI	0.0 	0.0 	1.5 	3.2 	2.0 	0.0 	1.0 	2.2 	0.0 	0.0 	2.0 	0.0 	6.0 	1.5 	0.0 	0.0 	0.0 	0.0 	3.5 	4.6 	0.0 	0.0 	0.0 	0.2 	3.0 	2.5 	3.0 	0.0 	0.0 	0.0 	2.0 	38.2 
    	agosto    	SENAMHI	2.0 	0.0 	1.8 	0.0 	0.0 	2.0 	1.5 	4.0 	6.0 	4.4 	0.0 	0.0 	0.0 	0.0 	0.0 	0.0 	5.3 	3.0 	11.2	8.2 	0.0 	4.5 	5.2 	11.5	11.8	5.6 	19.0	2.0 	0.0 	0.0 	0.0 	109.0
    	septiembre	SENAMHI	0.0 	0.0 	2.4 	0.0 	0.0 	0.0 	8.2 	4.5 	8.1 	2.9 	7.3 	0.0 	4.7 	0.0 	7.1 	0.3 	2.5 	0.0 	0.0 	0.8 	3.6 	4.7 	1.8 	8.0 	5.8 	6.7 	5.0 	7.9 	15.2	7.2 	    	114.7
    	octubre   	SENAMHI	2.1 	1.5 	0.0 	3.8 	7.0 	12.4	15.6	4.8 	6.6 	3.8 	1.7 	4.8 	4.6 	2.7 	0.0 	0.0 	2.9 	7.8 	6.2 	7.7 	7.0 	5.6 	5.8 	6.1 	5.1 	3.1 	4.6 	5.9 	3.7 	5.0 	4.4 	152.3
    	noviembre 	SENAMHI	1.0 	4.5 	0.0 	6.3 	1.5 	5.6 	8.5 	2.0 	7.4 	10.8	7.0 	7.9 	11.0	4.3 	4.0 	1.9 	0.0 	3.8 	5.0 	4.9 	0.0 	0.0 	1.1 	4.8 	5.6 	8.5 	7.7 	3.7 	5.1 	3.5 	    	137.4
    	diciembre 	SENAMHI	7.9 	12.0	3.5 	0.5 	0.0 	1.5 	4.0 	0.0 	0.0 	9.2 	4.6 	0.0 	2.2 	0.9 	3.4 	0.0 	1.6 	1.7 	7.1 	0.0 	0.7 	1.1 	2.7 	12.0	3.7 	8.2 	0.0 	0.0 	0.0 	0.0 	1.8 	90.3 
1998	enero     	SENAMHI	0.0 	0.0 	3.3 	5.0 	0.0 	0.0 	0.6 	2.9 	12.2	3.4 	4.8 	3.9 	2.1 	0.0 	2.9 	0.0 	4.2 	1.8 	4.8 	0.6 	4.8 	6.4 	3.0 	7.0 	5.5 	0.8 	4.7 	1.0 	5.8 	9.7 	3.0 	104.2
    	febrero   	SENAMHI	0.0 	0.0 	0.0 	3.0 	0.0 	1.7 	2.3 	0.9 	3.0 	1.4 	6.0 	2.8 	0.0 	1.3 	0.0 	9.3 	0.0 	4.0 	4.5 	2.9 	3.5 	3.4 	1.3 	3.0 	0.2 	1.7 	7.6 	2.2 	    	    	    	66.0 
    	marzo     	SENAMHI	5.3 	1.8 	1.6 	0.0 	0.0 	4.0 	0.0 	0.2 	0.5 	1.8 	0.0 	0.6 	1.2 	2.5 	0.7 	2.4 	1.5 	2.3 	0.0 	1.6 	2.5 	0.0 	0.0 	0.0 	2.0 	5.3 	6.5 	1.4 	1.6 	2.8 	2.0 	52.1 
    	abril     	SENAMHI	3.4 	0.0 	2.1 	0.8 	0.0 	0.0 	0.0 	0.0 	0.0 	0.0 	0.4 	0.8 	0.0 	0.0 	1.7 	0.3 	0.0 	0.0 	0.0 	3.0 	0.0 	0.0 	0.0 	3.8 	0.0 	0.0 	1.8 	0.0 	0.0 	0.0 	    	18.1 
    	mayo      	SENAMHI	0.0 	0.0 	0.0 	0.0 	0.0 	0.0 	0.0 	0.0 	0.0 	0.0 	0.0 	0.0 	0.0 	2.8 	1.2 	0.0 	0.0 	0.0 	0.0 	1.0 	0.0 	0.0 	0.0 	0.8 	0.0 	0.0 	0.0 	0.0 	0.0 	1.8 	0.1 	7.7  
    	junio     	SENAMHI	0.1 	0.0 	0.2 	0.0 	0.0 	0.0 	0.0 	0.6 	2.4 	1.9 	2.8 	0.0 	0.0 	0.0 	0.0 	0.0 	0.1 	0.3 	0.2 	0.1 	0.6 	1.0 	0.5 	0.0 	0.8 	0.0 	0.3 	0.0 	0.0 	0.1 	    	12.0 
    	julio     	SENAMHI	0.0 	0.0 	0.0 	0.0 	0.0 	0.0 	0.0 	4.0 	4.0 	1.7 	0.6 	2.8 	1.8 	2.0 	1.2 	3.0 	3.8 	0.0 	0.0 	0.0 	0.0 	0.0 	0.0 	0.0 	0.0 	0.0 	0.0 	0.0 	4.3 	5.4 	0.0 	34.6 
    	agosto    	SENAMHI	0.0 	0.0 	0.0 	0.0 	0.4 	0.0 	0.0 	0.0 	0.0 	1.5 	0.0 	7.2 	6.2 	5.0 	0.0 	0.0 	0.0 	0.0 	0.0 	2.3 	1.5 	0.0 	2.4 	1.8 	0.0 	5.4 	0.9 	1.7 	0.6 	0.6 	1.7 	39.2 
    	septiembre	SENAMHI	0.0 	0.0 	0.0 	0.0 	0.0 	0.0 	0.0 	0.0 	0.0 	0.0 	1.8 	0.5 	4.7 	2.5 	5.7 	2.7 	0.3 	5.5 	2.5 	0.3 	1.4 	7.5 	0.3 	0.0 	1.4 	2.0 	0.0 	4.5 	5.9 	4.0 	    	53.5 
    	octubre   	SENAMHI	3.0 	5.7 	6.6 	4.8 	2.2 	0.0 	0.0 	4.6 	5.7 	3.7 	14.3	11.7	2.5 	4.1 	10.6	6.5 	0.0 	12.3	12.4	8.8 	12.1	7.8 	3.8 	3.8 	3.5 	1.8 	2.6 	1.7 	2.3 	2.5 	0.5 	161.9
    	noviembre 	SENAMHI	4.2 	1.4 	2.2 	0.0 	1.8 	0.7 	3.5 	2.3 	5.8 	7.2 	6.0 	11.0	3.8 	2.6 	3.6 	13.7	6.9 	10.1	2.6 	0.4 	1.5 	0.0 	1.7 	1.6 	0.0 	2.7 	2.5 	9.7 	5.1 	4.2 	    	118.8
    	diciembre 	SENAMHI	8.6 	2.3 	3.5 	4.9 	6.5 	1.5 	10.2	2.5 	2.2 	7.5 	6.2 	7.6 	6.2 	8.8 	1.6 	0.0 	0.2 	0.0 	0.0 	3.2 	2.6 	4.3 	6.0 	7.8 	2.7 	4.2 	0.0 	5.9 	3.8 	3.5 	4.7 	129.0
1999	enero     	SENAMHI	0.0 	0.0 	1.9 	0.2 	0.0 	0.0 	0.0 	0.8 	0.0 	0.0 	0.7 	1.1 	1.7 	3.6 	4.7 	0.0 	1.8 	0.0 	8.5 	0.0 	0.6 	1.6 	0.0 	0.0 	0.4 	0.7 	0.0 	3.2 	1.9 	2.3 	2.0 	37.7 
    	febrero   	SENAMHI	1.8 	3.5 	2.6 	0.4 	1.0 	0.0 	2.2 	1.5 	0.7 	3.3 	3.5 	1.2 	3.7 	3.2 	7.0 	4.3 	8.2 	6.8 	5.5 	4.2 	2.9 	2.6 	1.5 	0.0 	0.2 	0.4 	0.0 	0.0 	    	    	    	72.2 
    	marzo     	SENAMHI	0.0 	3.0 	1.6 	0.0 	0.1 	0.0 	0.0 	3.0 	2.3 	0.0 	6.7 	0.0 	0.6 	3.2 	4.6 	0.4 	0.0 	6.2 	0.0 	5.6 	1.8 	1.5 	0.0 	7.3 	3.2 	2.2 	0.9 	4.7 	1.7 	0.7 	0.2 	61.5 
    	abril     	SENAMHI	7.3 	2.8 	5.0 	6.2 	2.7 	3.0 	0.0 	0.2 	5.2 	6.0 	0.7 	1.8 	4.5 	0.0 	4.2 	0.0 	3.2 	2.2 	0.2 	2.7 	1.1 	0.0 	0.0 	0.0 	0.0 	0.0 	0.0 	0.0 	0.0 	1.0 	    	60.0 
    	mayo      	SENAMHI	0.3 	1.5 	2.2 	0.0 	0.0 	2.8 	0.6 	3.4 	0.0 	0.0 	0.0 	0.0 	0.0 	1.5 	0.0 	0.0 	1.1 	0.2 	0.0 	0.0 	0.0 	0.0 	0.7 	0.8 	0.2 	0.3 	1.5 	2.3 	0.0 	0.3 	0.0 	19.7 
    	junio     	SENAMHI	2.0 	4.6 	7.3 	0.8 	6.6 	0.0 	0.0 	0.0 	0.0 	0.0 	0.0 	0.0 	0.0 	0.0 	0.0 	0.0 	0.0 	0.5 	1.8 	0.0 	0.0 	0.0 	1.4 	2.2 	0.0 	0.0 	0.0 	0.0 	0.0 	0.0 	    	27.2 
    	julio     	SENAMHI	0.0 	0.0 	0.0 	0.0 	0.0 	0.0 	0.0 	0.0 	0.0 	0.7 	1.2 	0.0 	0.0 	0.0 	0.0 	0.0 	0.0 	0.0 	0.0 	0.4 	0.2 	0.0 	0.0 	3.5 	0.0 	0.0 	0.0 	7.2 	7.9 	2.0 	0.0 	23.1 
    	agosto    	SENAMHI	0.0 	2.0 	0.0 	1.7 	0.0 	0.0 	3.1 	0.0 	5.8 	7.5 	0.0 	6.3 	3.8 	2.3 	0.0 	0.0 	0.0 	0.8 	1.9 	2.7 	0.0 	1.4 	0.0 	0.0 	3.3 	4.5 	2.7 	3.7 	4.0 	0.0 	1.5 	59.0 
    	septiembre	SENAMHI	2.0 	6.0 	4.9 	11.8	6.3 	7.8 	1.0 	6.1 	1.2 	0.0 	0.0 	1.0 	1.1 	0.0 	0.1 	12.0	2.2 	2.3 	0.0 	0.0 	3.5 	8.5 	5.8 	2.6 	5.8 	15.6	6.4 	2.8 	16.4	8.5 	    	141.7
    	octubre   	SENAMHI	6.5 	2.5 	11.9	12.1	3.4 	0.0 	0.0 	3.5 	1.6 	0.0 	0.0 	0.0 	0.7 	5.0 	2.7 	5.0 	7.1 	4.6 	6.5 	8.0 	1.1 	2.2 	0.2 	12.5	2.7 	8.5 	3.6 	2.8 	3.4 	6.0 	0.0 	124.1
    	noviembre 	SENAMHI	1.7 	9.5 	2.8 	4.5 	6.5 	6.0 	3.7 	1.5 	5.5 	0.0 	3.4 	1.0 	0.0 	0.0 	0.0 	0.0 	0.0 	0.0 	6.5 	0.0 	10.0	2.4 	2.6 	4.4 	0.0 	4.9 	12.4	16.5	4.8 	2.2 	    	112.8
    	diciembre 	SENAMHI	2.2 	9.7 	9.0 	10.0	0.6 	0.8 	0.0 	11.4	5.4 	0.7 	5.4 	5.3 	2.5 	2.9 	2.7 	1.7 	2.8 	4.1 	5.2 	6.7 	0.0 	0.0 	0.0 	0.0 	5.0 	5.8 	3.7 	3.0 	2.5 	0.0 	1.0 	110.1
2000	enero     	SENAMHI	3.0 	2.0 	4.3 	5.0 	7.2 	12.3	1.7 	5.8 	5.6 	10.0	0.0 	9.7 	13.5	0.0 	0.0 	0.0 	5.0 	1.4 	0.2 	0.0 	0.0 	0.0 	4.2 	0.0 	3.8 	3.2 	4.0 	4.3 	1.6 	3.8 	6.6 	118.2
    	febrero   	SENAMHI	1.3 	2.1 	5.0 	5.2 	0.2 	2.3 	1.8 	2.8 	4.8 	3.0 	0.0 	0.0 	5.2 	3.6 	7.5 	3.7 	2.8 	1.5 	0.4 	0.0 	2.4 	3.4 	6.3 	5.0 	3.0 	2.4 	2.3 	0.0 	1.0 	    	    	79.0 
    	marzo     	SENAMHI	4.6 	5.4 	0.0 	3.6 	1.8 	3.9 	8.8 	5.5 	1.3 	4.5 	0.0 	0.8 	1.5 	2.3 	2.0 	3.2 	1.1 	7.5 	4.7 	1.7 	5.7 	0.0 	12.8	4.0 	5.0 	0.7 	3.7 	2.7 	4.5 	1.2 	0.6 	105.1
    	abril     	SENAMHI	0.0 	1.5 	2.8 	3.4 	2.0 	2.5 	1.2 	0.4 	0.3 	0.0 	3.3 	5.8 	2.7 	1.2 	0.0 	1.8 	1.0 	0.0 	4.6 	5.6 	0.0 	0.0 	0.0 	0.0 	0.0 	0.0 	0.0 	0.0 	0.0 	0.0 	    	40.1 
    	mayo      	SENAMHI	0.0 	0.4 	0.0 	0.5 	0.0 	0.8 	0.0 	0.0 	0.0 	0.0 	0.0 	0.0 	0.0 	0.0 	0.0 	1.3 	0.0 	0.0 	1.0 	2.5 	0.3 	3.1 	2.2 	2.0 	1.2 	0.8 	0.4 	6.4 	5.4 	0.0 	0.0 	28.3 
    	junio     	SENAMHI	0.0 	0.0 	0.0 	0.0 	0.0 	0.0 	0.0 	0.0 	0.0 	0.0 	1.0 	1.8 	0.0 	2.3 	3.8 	0.9 	1.6 	0.0 	1.2 	0.0 	0.0 	0.0 	0.0 	0.0 	2.4 	4.6 	0.0 	0.0 	1.0 	0.0 	    	20.6 
    	julio     	SENAMHI	0.0 	0.0 	0.0 	0.0 	0.0 	0.0 	0.0 	0.0 	0.0 	0.0 	0.0 	0.0 	0.0 	0.0 	0.0 	0.0 	0.0 	3.5 	3.9 	2.5 	0.0 	0.0 	3.8 	0.7 	6.7 	1.0 	2.0 	1.4 	3.8 	4.2 	2.9 	36.4 
    	agosto    	SENAMHI	3.3 	1.7 	2.0 	1.1 	0.0 	0.0 	4.8 	4.1 	4.0 	4.4 	0.4 	3.1 	0.7 	0.1 	0.0 	0.0 	0.7 	1.2 	0.2 	5.8 	0.9 	2.7 	3.5 	3.0 	4.5 	5.2 	0.5 	2.0 	4.8 	4.2 	2.2 	71.1 
    	septiembre	SENAMHI	4.3 	0.0 	1.0 	4.9 	2.2 	4.0 	1.0 	3.0 	0.8 	1.5 	4.2 	3.4 	0.0 	1.5 	4.7 	7.6 	4.7 	5.1 	5.4 	4.0 	4.3 	5.5 	0.5 	5.2 	3.8 	0.2 	5.8 	8.9 	2.6 	1.6 	    	101.7
    	octubre   	SENAMHI	2.9 	2.7 	3.8 	3.5 	4.8 	4.0 	2.0 	1.1 	1.5 	0.0 	0.0 	2.2 	7.5 	2.8 	3.1 	2.2 	4.2 	0.0 	2.2 	1.0 	3.5 	1.5 	1.0 	7.8 	10.8	6.2 	0.0 	0.0 	4.6 	4.6 	3.9 	95.4 
    	noviembre 	SENAMHI	2.8 	4.0 	1.8 	5.0 	2.8 	3.2 	3.3 	1.0 	3.8 	1.6 	2.1 	2.4 	7.8 	6.8 	5.2 	4.8 	4.3 	7.8 	6.7 	6.5 	4.3 	6.1 	7.0 	5.7 	10.5	9.1 	8.3 	7.2 	1.9 	2.7 	    	146.5
    	diciembre 	SENAMHI	3.3 	0.8 	4.5 	3.3 	1.2 	2.8 	1.5 	3.5 	5.8 	2.8 	6.1 	0.0 	1.4 	0.0 	0.0 	0.0 	2.5 	1.8 	3.6 	0.0 	1.0 	0.0 	7.2 	2.4 	0.0 	1.4 	0.0 	0.0 	0.4 	3.2 	2.7 	63.2 
2001	enero     	SENAMHI	3.5 	4.8 	1.1 	3.2 	3.8 	1.7 	4.5 	0.0 	3.2 	4.4 	4.4 	0.6 	1.2 	2.8 	0.9 	4.7 	5.4 	4.1 	2.0 	3.6 	3.6 	3.3 	0.4 	4.7 	2.7 	0.0 	7.0 	2.0 	0.8 	1.0 	0.0 	85.4 
    	febrero   	SENAMHI	4.0 	3.0 	1.8 	2.2 	1.6 	3.5 	2.0 	0.0 	1.5 	0.0 	0.0 	1.2 	2.5 	6.5 	3.8 	1.3 	0.6 	2.9 	2.0 	2.1 	2.5 	4.1 	8.4 	4.0 	3.9 	0.9 	1.4 	0.8 	    	    	    	68.5 
    	marzo     	SENAMHI	6.2 	6.0 	7.2 	3.6 	5.2 	5.6 	2.2 	3.7 	1.4 	2.0 	4.5 	5.0 	4.3 	1.3 	5.3 	8.7 	6.5 	3.8 	1.7 	5.0 	2.7 	0.0 	1.2 	5.4 	3.0 	3.3 	2.7 	1.8 	3.7 	0.2 	3.2 	116.4
    	abril     	SENAMHI	1.6 	2.2 	3.0 	2.0 	0.8 	2.6 	0.0 	3.4 	1.5 	0.7 	1.0 	0.5 	0.4 	0.7 	2.3 	0.0 	0.0 	0.0 	0.0 	0.0 	0.0 	0.0 	0.0 	1.7 	1.8 	0.0 	0.1 	0.0 	1.2 	0.0 	    	27.5 
    	mayo      	SENAMHI	0.0 	0.6 	2.3 	3.0 	1.5 	0.7 	1.0 	0.0 	0.0 	0.0 	2.5 	2.8 	3.3 	2.7 	0.0 	1.8 	1.9 	0.5 	0.0 	0.0 	0.0 	1.2 	4.2 	0.0 	0.0 	0.0 	1.2 	0.0 	0.0 	0.0 	0.4 	31.6 
    	junio     	SENAMHI	2.5 	0.8 	0.0 	1.2 	2.2 	0.0 	2.9 	1.3 	0.0 	0.0 	0.0 	1.9 	3.3 	4.2 	0.0 	0.0 	0.0 	0.0 	2.8 	0.0 	0.0 	0.2 	0.0 	3.1 	0.5 	1.0 	2.0 	1.5 	2.8 	3.5 	    	37.7 
    	julio     	SENAMHI	0.0 	0.0 	0.2 	1.3 	0.4 	0.8 	0.0 	1.0 	0.0 	0.0 	0.0 	0.0 	0.0 	2.5 	2.0 	1.6 	0.0 	0.6 	0.0 	1.4 	2.0 	0.0 	2.7 	3.5 	2.6 	4.0 	2.1 	2.3 	5.0 	0.0 	    	36.0 
    	agosto    	SENAMHI	0.0 	0.0 	0.0 	0.0 	0.0 	0.0 	0.0 	0.0 	0.3 	8.0 	4.5 	10.8	0.0 	1.2 	2.0 	0.1 	0.0 	0.0 	0.0 	0.0 	3.0 	0.0 	0.0 	0.0 	2.0 	2.7 	3.7 	1.5 	3.3 	1.6 	1.0 	45.7 
    	septiembre	SENAMHI	5.5 	1.2 	2.6 	2.8 	8.9 	2.6 	1.2 	2.9 	0.0 	2.9 	3.7 	0.0 	3.0 	0.0 	2.9 	6.1 	5.0 	7.7 	6.2 	2.6 	3.0 	3.5 	5.3 	4.3 	0.0 	4.0 	2.7 	5.5 	2.8 	2.2 	    	101.1
    	octubre   	SENAMHI	1.4 	5.2 	1.5 	2.0 	1.6 	3.5 	6.3 	1.6 	0.0 	4.8 	6.2 	2.6 	6.4 	3.4 	0.0 	5.4 	4.8 	2.0 	7.1 	6.2 	2.9 	3.0 	0.5 	0.0 	3.5 	0.0 	7.5 	1.8 	4.9 	6.1 	12.8	115.0
    	noviembre 	SENAMHI	13.1	0.6 	1.5 	0.0 	4.1 	0.0 	4.3 	1.8 	0.0 	0.3 	2.6 	3.0 	4.8 	4.5 	4.9 	4.2 	3.2 	3.2 	1.7 	6.7 	2.1 	7.2 	3.8 	4.2 	3.8 	1.8 	2.2 	8.1 	0.0 	0.0 	    	97.7 
2002	enero     	SENAMHI	0.0 	0.0 	0.0 	0.0 	0.0 	0.0 	0.0 	0.0 	0.0 	2.6 	6.7 	10.0	0.6 	0.5 	4.0 	0.3 	0.0 	5.5 	4.9 	0.8 	0.8 	0.0 	0.0 	1.2 	1.0 	5.0 	3.8 	5.6 	1.8 	0.0 	1.9 	57.0 
    	febrero   	SENAMHI	0.0 	0.0 	3.0 	2.2 	3.8 	2.8 	3.5 	6.5 	0.0 	4.0 	5.8 	2.0 	7.0 	0.0 	2.2 	0.8 	2.4 	7.0 	2.6 	0.0 	6.8 	5.3 	3.9 	4.0 	2.6 	1.8 	1.2 	2.9 	    	    	    	84.1 
    	marzo     	SENAMHI	1.5 	0.6 	3.0 	1.6 	0.8 	0.0 	1.0 	4.0 	1.8 	5.3 	5.3 	6.1 	3.7 	4.7 	8.0 	0.0 	0.0 	3.9 	1.8 	0.0 	3.0 	1.2 	4.7 	3.1 	0.0 	0.0 	1.6 	2.0 	3.8 	2.9 	4.9 	80.3 
    	abril     	SENAMHI	2.7 	2.5 	3.9 	2.6 	0.0 	3.0 	3.5 	0.0 	2.8 	3.9 	5.2 	2.6 	1.8 	1.7 	3.2 	0.0 	4.2 	2.7 	1.5 	0.0 	3.4 	0.0 	0.8 	0.0 	0.0 	1.6 	0.0 	0.7 	0.0 	0.0 	    	54.3 
    	mayo      	SENAMHI	0.0 	0.0 	0.0 	0.0 	0.0 	1.9 	0.0 	0.0 	3.0 	2.8 	0.0 	0.0 	0.0 	0.0 	0.0 	0.0 	8.6 	1.0 	0.0 	0.0 	0.0 	1.7 	2.0 	0.0 	0.0 	0.6 	0.2 	4.4 	0.0 	3.0 	0.7 	29.9 
    	junio     	SENAMHI	1.0 	0.0 	0.0 	1.3 	2.5 	0.0 	0.0 	2.3 	3.5 	2.7 	1.5 	0.0 	0.0 	1.2 	0.0 	0.0 	0.0 	0.0 	0.0 	0.0 	0.0 	1.0 	1.5 	1.7 	3.3 	3.0 	1.7 	4.6 	6.8 	3.7 	    	43.3 
    	julio     	SENAMHI	1.5 	0.3 	0.0 	0.4 	0.0 	0.0 	0.0 	0.0 	0.0 	0.8 	3.0 	7.9 	0.0 	6.1 	1.4 	0.0 	0.0 	0.0 	0.0 	0.0 	3.0 	0.0 	0.0 	0.0 	0.0 	0.0 	0.0 	0.0 	3.0 	18.5	0.3 	46.2 
    	agosto    	SENAMHI	0.0 	0.0 	0.0 	0.0 	0.0 	0.0 	0.0 	0.0 	0.0 	1.2 	0.2 	0.3 	1.4 	0.7 	0.0 	0.0 	0.0 	1.5 	0.8 	1.0 	5.2 	0.0 	5.0 	0.0 	0.0 	0.5 	1.1 	5.9 	0.5 	1.5 	0.0 	26.8 
    	septiembre	SENAMHI	0.0 	0.0 	0.2 	13.0	0.7 	3.8 	0.3 	1.9 	2.6 	3.2 	3.0 	0.7 	0.0 	0.0 	0.0 	0.2 	16.2	1.3 	1.6 	2.0 	3.1 	2.6 	0.3 	0.0 	0.4 	0.0 	2.3 	0.0 	2.0 	1.2 	    	62.6 
    	octubre   	SENAMHI	0.4 	5.0 	2.0 	1.5 	0.0 	1.0 	2.0 	0.0 	1.7 	1.0 	5.0 	0.0 	0.0 	0.8 	0.0 	0.0 	0.0 	0.0 	0.0 	0.0 	0.0 	0.2 	2.7 	0.8 	6.8 	6.8 	4.0 	3.6 	4.0 	4.7 	1.0 	55.0 
2003	octubre   	SENAMHI	0.0 	7.0 	7.5 	2.6 	12.5	5.8 	10.0	5.8 	8.3 	12.0	13.0	10.4	7.5 	1.7 	0.2 	0.0 	0.0 	0.9 	11.0	10.0	17.4	0.2 	1.8 	0.6 	0.0 	0.0 	1.7 	3.7 	4.9 	0.4 	0.0 	156.9
    	noviembre 	SENAMHI	0.0 	0.0 	0.0 	0.0 	0.0 	0.3 	1.4 	1.2 	0.0 	5.7 	0.8 	1.0 	3.0 	0.9 	1.3 	1.2 	2.2 	0.4 	0.8 	6.0 	2.5 	0.0 	0.2 	0.3 	0.0 	1.1 	4.9 	5.0 	1.0 	0.0 	    	41.2 
    	diciembre 	SENAMHI	1.2 	10.0	4.3 	18.6	3.4 	8.6 	0.8 	2.3 	1.5 	4.3 	2.0 	0.1 	10.4	4.7 	5.9 	9.7 	0.0 	5.1 	6.5 	0.6 	10.4	0.0 	3.1 	1.0 	0.0 	2.8 	0.0 	0.0 	0.0 	0.0 	1.9 	119.2
2004	enero     	SENAMHI	5.0 	8.0 	2.0 	4.0 	3.0 	1.0 	0.0 	0.0 	0.0 	0.0 	0.0 	0.0 	0.0 	0.0 	0.0 	0.0 	0.0 	0.0 	0.0 	0.0 	0.0 	0.0 	0.0 	0.7 	0.3 	6.2 	1.0 	0.0 	0.0 	0.0 	0.0 	31.2 
    	febrero   	SENAMHI	1.4 	0.4 	4.0 	9.0 	10.5	13.0	2.5 	2.8 	6.2 	4.5 	3.0 	5.0 	2.1 	0.3 	0.0 	0.0 	2.6 	5.5 	4.8 	16.0	0.7 	9.9 	0.0 	0.2 	2.1 	0.0 	2.2 	1.7 	0.0 	    	    	110.4
    	marzo     	SENAMHI	0.0 	0.0 	0.0 	0.0 	9.0 	0.0 	0.0 	0.0 	5.5 	2.0 	0.0 	0.0 	0.2 	0.2 	0.0 	0.0 	1.2 	2.2 	0.5 	1.0 	2.2 	3.5 	6.2 	6.0 	1.2 	0.0 	2.0 	3.0 	2.3 	0.0 	0.0 	48.2 
    	abril     	SENAMHI	2.7 	3.5 	2.0 	1.8 	0.0 	2.0 	0.9 	0.9 	2.8 	1.5 	0.0 	1.0 	0.0 	0.0 	0.0 	1.2 	1.2 	0.4 	0.0 	0.0 	0.0 	0.0 	0.0 	0.0 	1.0 	0.0 	0.0 	0.0 	0.0 	0.8 	    	23.7 
    	mayo      	SENAMHI	0.0 	4.3 	5.0 	1.5 	0.0 	0.0 	9.6 	3.2 	3.0 	0.2 	0.8 	0.0 	0.0 	0.0 	0.0 	0.0 	0.0 	0.0 	0.0 	0.0 	0.0 	0.4 	0.5 	2.2 	0.2 	0.0 	4.2 	1.6 	4.3 	0.0 	0.0 	41.0 
    	junio     	SENAMHI	0.0 	0.0 	5.0 	2.2 	0.0 	0.0 	0.0 	0.0 	0.0 	0.0 	0.1 	0.0 	1.6 	0.5 	2.2 	0.3 	0.6 	0.2 	0.0 	0.0 	0.0 	0.0 	0.0 	0.0 	8.8 	0.0 	0.0 	0.6 	1.0 	0.2 	    	23.3 
    	julio     	SENAMHI	0.0 	1.2 	9.4 	0.0 	1.0 	0.8 	1.0 	3.5 	1.5 	1.5 	0.0 	0.0 	0.9 	0.0 	0.0 	0.0 	0.0 	0.0 	0.0 	0.0 	0.0 	0.0 	0.0 	0.0 	0.0 	0.0 	0.0 	0.0 	0.0 	0.0 	0.0 	20.8 
    	agosto    	SENAMHI	0.8 	3.0 	7.0 	0.3 	1.8 	2.0 	0.0 	1.0 	3.4 	1.7 	0.2 	19.9	0.0 	19.6	1.5 	1.8 	2.8 	0.5 	2.5 	0.4 	0.8 	0.0 	0.0 	0.8 	0.0 	0.0 	0.8 	0.0 	0.0 	10.5	1.8 	84.9 
    	septiembre	SENAMHI	1.3 	4.6 	2.8 	1.5 	0.0 	10.4	12.5	10.4	13.7	6.8 	0.0 	0.0 	0.0 	0.0 	0.0 	0.0 	0.0 	0.0 	0.0 	0.0 	0.0 	0.5 	3.2 	4.6 	1.0 	0.8 	2.8 	0.5 	0.5 	0.0 	    	77.9 
    	octubre   	SENAMHI	1.3 	0.0 	2.2 	8.0 	0.0 	1.8 	3.6 	2.8 	4.0 	2.0 	0.3 	0.0 	0.0 	6.5 	1.5 	5.0 	4.7 	8.0 	0.0 	3.0 	3.8 	3.6 	0.0 	0.0 	0.6 	0.0 	12.7	0.0 	    	1.6 	3.0 	80.0 
    	noviembre 	SENAMHI	0.2 	0.6 	1.5 	8.3 	16.5	3.6 	10.5	6.3 	5.5 	0.0 	0.0 	1.2 	0.0 	0.0 	0.0 	0.0 	0.0 	5.5 	2.5 	2.5 	3.0 	5.8 	0.3 	0.0 	2.6 	2.8 	0.0 	1.3 	2.5 	2.8 	    	85.8 
    	diciembre 	SENAMHI	5.5 	3.6 	16.0	0.5 	2.6 	2.0 	0.0 	1.8 	2.5 	12.2	2.0 	4.0 	0.2 	1.5 	3.8 	6.2 	0.0 	0.0 	1.6 	4.8 	1.5 	0.0 	0.0 	0.0 	0.0 	0.0 	0.6 	1.8 	0.4 	3.4 	0.0 	78.5 
2005	enero     	SENAMHI	4.5 	2.5 	2.6 	2.0 	2.4 	0.0 	0.0 	0.0 	6.4 	5.4 	2.0 	6.2 	3.4 	0.4 	0.0 	0.0 	0.0 	0.0 	0.0 	0.0 	0.0 	0.0 	0.0 	1.1 	6.5 	4.7 	0.0 	3.5 	0.0 	2.1 	0.0 	55.7 
    	febrero   	SENAMHI	10.5	3.4 	3.0 	1.8 	0.0 	9.7 	2.0 	3.5 	7.1 	5.0 	14.0	1.6 	5.0 	6.3 	0.0 	0.0 	5.0 	0.4 	3.5 	6.3 	7.0 	0.0 	1.8 	0.0 	1.9 	0.0 	0.0 	1.1 	    	    	    	99.9 
    	marzo     	SENAMHI	2.5 	0.6 	2.0 	0.0 	3.2 	0.0 	6.6 	11.5	1.3 	2.0 	0.8 	1.2 	6.5 	6.0 	0.0 	0.0 	0.0 	5.5 	0.7 	10.0	1.2 	5.8 	8.8 	1.0 	2.5 	1.2 	1.8 	3.2 	3.4 	0.0 	8.6 	97.9 
    	abril     	SENAMHI	1.6 	2.6 	6.5 	2.4 	18.5	3.2 	0.0 	0.0 	0.0 	3.3 	0.0 	3.0 	0.0 	0.0 	2.1 	8.2 	9.1 	5.4 	6.5 	5.2 	6.8 	0.0 	2.6 	0.8 	3.8 	6.7 	3.4 	4.0 	4.3 	4.6 	    	114.6
    	septiembre	SENAMHI	0.0 	0.0 	0.0 	5.5 	6.4 	0.0 	0.0 	0.0 	0.4 	0.4 	7.7 	2.8 	5.2 	8.6 	1.6 	2.8 	12.5	9.0 	0.0 	0.0 	1.2 	2.3 	2.5 	3.6 	0.0 	0.6 	0.0 	7.8 	2.8 	3.0 	    	86.7 
    	octubre   	SENAMHI	2.1 	0.7 	0.6 	2.8 	0.0 	0.0 	3.2 	6.0 	22.0	4.5 	9.4 	1.7 	0.0 	0.0 	0.0 	1.4 	0.3 	6.8 	6.6 	1.8 	3.0 	0.0 	0.0 	0.4 	0.0 	0.0 	3.1 	0.0 	0.0 	0.6 	0.0 	77.0 
    	noviembre 	SENAMHI	2.0 	5.4 	0.8 	10.4	2.0 	3.7 	1.2 	8.9 	1.6 	3.0 	0.0 	12.5	0.7 	4.5 	0.9 	1.9 	0.0 	2.0 	1.0 	3.5 	0.0 	0.0 	4.8 	2.3 	0.0 	0.0 	9.0 	0.0 	0.0 	0.0 	    	82.1 
    	diciembre 	SENAMHI	0.0 	2.6 	7.2 	0.3 	3.0 	0.0 	0.0 	0.0 	7.1 	12.0	0.6 	13.5	0.0 	2.5 	2.4 	4.3 	7.3 	3.4 	10.2	0.0 	1.3 	8.2 	4.4 	11.6	6.9 	9.6 	2.0 	7.4 	2.1 	1.2 	3.0 	134.1
2006	enero     	SENAMHI	0.0 	0.0 	0.0 	2.4 	8.0 	4.2 	0.0 	1.9 	0.3 	1.0 	5.6 	0.0 	0.0 	0.0 	0.0 	7.8 	3.0 	9.6 	0.0 	0.0 	0.6 	2.8 	2.3 	5.2 	7.1 	2.2 	0.0 	3.8 	1.6 	7.4 	1.1 	77.9 
    	febrero   	SENAMHI	3.2 	0.0 	1.8 	0.0 	0.0 	8.2 	6.8 	1.6 	1.2 	17.0	8.4 	13.8	0.6 	0.0 	1.8 	0.8 	1.8 	12.5	8.4 	4.5 	0.0 	1.8 	15.5	0.7 	0.0 	1.2 	0.0 	    	    	    	    	111.6
    	marzo     	SENAMHI	0.0 	0.0 	0.8 	4.3 	3.4 	6.6 	1.3 	6.8 	3.2 	2.8 	8.9 	1.0 	0.4 	0.6 	3.0 	12.8	4.7 	3.4 	2.6 	11.0	3.3 	1.3 	3.2 	9.8 	2.0 	3.5 	0.0 	0.0 	3.0 	1.1 	1.0 	105.8
    	abril     	SENAMHI	0.0 	0.0 	5.4 	9.4 	4.2 	4.0 	0.0 	10.5	0.0 	4.4 	2.6 	0.0 	0.0 	0.0 	0.3 	0.5 	6.0 	0.7 	0.0 	0.5 	0.0 	0.0 	0.0 	1.8 	5.4 	0.6 	0.7 	0.0 	0.0 	    	    	57.0 
    	mayo      	SENAMHI	0.0 	0.0 	1.5 	1.3 	0.0 	10.2	1.7 	0.0 	0.0 	0.0 	0.0 	0.0 	0.0 	0.0 	0.0 	0.0 	0.0 	0.0 	0.0 	0.5 	1.2 	1.1 	0.2 	0.4 	0.6 	0.0 	0.0 	0.8 	2.4 	0.4 	0.0 	22.3 
    	junio     	SENAMHI	0.0 	8.0 	0.0 	0.0 	0.0 	0.0 	0.0 	2.0 	0.0 	0.0 	3.8 	0.0 	0.0 	0.0 	0.0 	0.0 	0.0 	10.4	1.2 	0.0 	0.0 	0.0 	0.0 	0.0 	2.0 	0.6 	0.0 	0.0 	0.0 	0.0 	    	28.0 
    	agosto    	SENAMHI	0.0 	0.0 	0.0 	0.0 	0.0 	0.4 	1.0 	0.0 	0.0 	0.0 	7.5 	0.8 	0.0 	0.0 	5.3 	0.4 	0.0 	0.6 	0.0 	4.0 	5.9 	1.8 	0.2 	2.8 	0.9 	0.0 	0.6 	0.0 	0.0 	0.4 	0.0 	32.6 
    	septiembre	SENAMHI	2.6 	5.7 	2.5 	9.9 	0.0 	0.0 	0.0 	0.0 	0.5 	0.0 	5.7 	10.5	0.5 	0.4 	0.0 	3.2 	0.0 	6.2 	2.9 	0.0 	16.0	1.0 	0.0 	0.5 	2.0 	2.0 	4.0 	0.7 	1.2 	1.0 	    	79.0 
    	octubre   	SENAMHI	    	0.0 	0.0 	0.0 	0.6 	21.5	5.0 	2.0 	0.0 	8.0 	4.4 	1.0 	30.0	0.0 	0.3 	0.0 	0.0 	0.0 	0.0 	2.3 	2.5 	6.2 	9.0 	7.8 	1.1 	0.7 	0.7 	2.0 	5.2 	2.6 	5.4 	118.3
    	noviembre 	SENAMHI	2.8 	18.0	2.8 	9.7 	5.7 	8.3 	2.9 	2.4 	4.9 	4.2 	22.6	2.3 	2.9 	0.0 	1.2 	1.7 	5.5 	0.6 	7.7 	1.0 	0.0 	7.5 	2.6 	0.0 	1.0 	2.0 	7.0 	1.0 	4.5 	20.0	    	152.8
    	diciembre 	SENAMHI	0.8 	1.2 	0.0 	0.6 	1.1 	1.6 	9.7 	0.0 	0.0 	0.0 	0.5 	3.8 	2.6 	4.6 	0.0 	5.3 	0.0 	11.5	0.0 	6.6 	4.2 	0.8 	10.6	2.0 	0.0 	8.4 	4.4 	4.6 	0.0 	6.4 	3.4 	94.7 
2007	enero     	SENAMHI	7.8 	13.0	9.8 	13.4	3.0 	0.0 	4.8 	0.0 	2.8 	2.6 	2.8 	0.0 	0.2 	0.0 	0.0 	1.2 	0.0 	4.2 	0.0 	3.8 	0.0 	0.0 	20.5	0.0 	0.0 	3.3 	4.2 	1.4 	4.9 	1.7 	7.8 	113.2
    	febrero   	SENAMHI	0.0 	0.0 	0.0 	13.0	3.0 	1.0 	0.0 	0.0 	1.6 	1.7 	4.8 	0.0 	2.7 	1.5 	0.0 	0.0 	0.0 	0.0 	0.0 	0.0 	2.2 	0.4 	0.0 	5.7 	5.8 	1.4 	10.0	0.0 	    	    	    	54.8 
    	marzo     	SENAMHI	14.4	3.6 	3.2 	16.2	0.3 	12.7	12.0	0.5 	7.0 	4.2 	6.2 	8.2 	1.8 	3.3 	2.9 	0.0 	2.4 	0.6 	6.0 	1.6 	4.0 	4.3 	0.0 	0.0 	8.5 	3.6 	4.7 	0.4 	0.0 	8.8 	8.5 	149.9
    	abril     	SENAMHI	7.2 	2.0 	0.5 	0.8 	0.0 	1.8 	0.0 	13.0	0.0 	0.0 	2.8 	4.5 	0.0 	0.0 	4.6 	6.0 	0.0 	0.0 	1.2 	0.0 	7.5 	0.0 	7.0 	1.3 	0.4 	2.2 	0.0 	2.0 	4.4 	0.0 	    	69.2 
    	mayo      	SENAMHI	0.0 	0.0 	3.4 	0.0 	2.8 	0.0 	0.5 	3.0 	0.5 	0.0 	0.0 	0.0 	0.0 	0.0 	1.5 	0.0 	0.0 	0.0 	0.0 	0.0 	0.0 	0.0 	0.0 	3.0 	0.0 	0.0 	1.0 	0.0 	0.0 	0.0 	0.0 	15.7 
    	junio     	SENAMHI	0.0 	0.0 	0.0 	0.0 	3.1 	0.0 	7.6 	0.0 	0.0 	0.0 	0.0 	0.0 	0.0 	0.0 	0.0 	0.0 	0.0 	0.0 	0.0 	0.0 	0.0 	0.0 	0.0 	4.7 	4.2 	0.0 	0.6 	0.0 	1.8 	3.4 	    	25.4 
    	julio     	SENAMHI	0.0 	0.0 	0.0 	0.0 	0.0 	0.0 	0.0 	0.0 	0.0 	0.0 	0.0 	0.0 	0.0 	0.0 	1.3 	0.0 	0.0 	0.0 	0.2 	0.0 	1.8 	5.5 	2.4 	1.0 	0.0 	0.0 	0.0 	0.0 	0.0 	0.0 	0.0 	12.2 
    	agosto    	SENAMHI	0.0 	0.0 	1.7 	0.0 	0.0 	0.0 	0.0 	0.0 	0.0 	0.0 	0.0 	1.8 	10.0	0.5 	0.0 	2.5 	2.2 	0.0 	0.0 	1.0 	0.0 	0.0 	0.0 	0.0 	0.0 	0.0 	0.6 	0.0 	15.5	0.0 	0.8 	36.6 
    	septiembre	SENAMHI	2.2 	1.5 	0.0 	1.2 	10.2	3.6 	8.2 	6.0 	0.3 	0.5 	0.5 	1.4 	0.0 	3.5 	3.5 	0.0 	0.4 	8.0 	0.0 	0.0 	5.3 	0.0 	0.0 	7.7 	0.5 	2.8 	0.0 	6.2 	0.6 	0.0 	    	74.1 
    	octubre   	SENAMHI	0.0 	0.0 	0.0 	0.0 	1.2 	1.2 	1.4 	0.0 	3.1 	5.4 	0.0 	0.0 	0.5 	1.8 	11.0	0.5 	0.0 	0.5 	13.5	1.8 	2.8 	5.5 	6.0 	12.4	0.0 	1.0 	1.7 	5.4 	3.2 	15.0	16.4	111.3
    	noviembre 	SENAMHI	0.5 	0.0 	0.0 	0.2 	0.0 	0.0 	0.0 	0.0 	8.0 	7.3 	0.8 	0.0 	0.0 	0.6 	0.0 	4.6 	1.2 	7.1 	8.2 	15.3	7.0 	14.0	30.0	0.6 	0.0 	0.0 	0.0 	0.0 	0.4 	0.0 	    	105.8
    	diciembre 	SENAMHI	2.4 	2.8 	0.0 	1.2 	1.8 	2.8 	1.8 	0.0 	1.0 	0.8 	1.4 	1.2 	2.2 	11.5	3.8 	7.7 	6.0 	4.5 	0.2 	3.5 	5.2 	0.0 	0.0 	0.0 	0.0 	3.2 	7.2 	5.3 	10.0	3.6 	3.0 	94.1 
2008	enero     	SENAMHI	4.8 	2.0 	3.2 	0.0 	3.0 	2.3 	6.6 	6.2 	4.7 	0.0 	6.2 	3.4 	2.2 	4.2 	14.0	1.4 	0.5 	2.5 	0.0 	3.4 	8.2 	4.6 	4.0 	9.6 	11.0	2.4 	3.6 	8.6 	10.4	8.0 	0.0 	141.0
    	febrero   	SENAMHI	0.0 	0.0 	0.0 	2.3 	2.0 	2.4 	0.0 	0.5 	1.8 	0.0 	2.1 	10.0	0.0 	2.2 	4.2 	2.5 	1.2 	0.0 	2.1 	2.4 	6.0 	8.5 	6.5 	2.0 	17.6	5.0 	6.2 	4.5 	7.6 	    	    	99.6 
    	marzo     	SENAMHI	0.0 	0.0 	2.1 	0.0 	0.8 	0.0 	0.0 	0.0 	0.0 	8.5 	1.6 	4.8 	1.8 	3.7 	0.7 	0.0 	0.0 	0.0 	0.5 	0.0 	0.5 	0.0 	0.5 	3.5 	0.0 	0.0 	1.6 	0.0 	0.0 	0.0 	0.0 	30.6 
    	abril     	SENAMHI	5.8 	1.8 	2.6 	5.6 	0.0 	4.2 	5.4 	0.0 	3.5 	1.8 	2.8 	6.2 	0.0 	2.6 	2.2 	0.5 	0.0 	0.0 	0.0 	0.0 	3.4 	0.0 	0.0 	1.2 	0.0 	0.0 	0.0 	0.0 	0.0 	0.0 	    	49.6 
    	mayo      	SENAMHI	0.0 	0.0 	0.0 	0.0 	0.0 	0.0 	0.0 	0.0 	4.8 	0.0 	2.6 	1.6 	0.0 	0.0 	0.0 	0.5 	0.0 	0.0 	0.0 	0.0 	0.0 	1.2 	0.0 	0.0 	0.0 	0.0 	0.0 	4.6 	0.0 	0.0 	0.0 	15.3 
    	junio     	SENAMHI	0.3 	0.0 	0.0 	0.0 	0.0 	6.4 	0.5 	0.0 	0.0 	0.0 	0.3 	0.0 	0.0 	0.0 	0.0 	0.0 	0.0 	0.0 	0.0 	0.0 	0.0 	0.0 	2.0 	0.0 	2.9 	0.4 	0.8 	0.0 	7.6 	0.0 	    	21.2 
    	julio     	SENAMHI	0.0 	0.0 	0.5 	0.3 	0.0 	2.5 	0.0 	0.0 	0.0 	0.0 	0.4 	0.0 	0.0 	2.0 	4.2 	1.8 	0.8 	0.0 	0.0 	10.5	0.0 	0.0 	0.0 	0.0 	0.0 	0.0 	0.0 	2.7 	0.0 	0.8 	0.0 	26.5 
    	agosto    	SENAMHI	1.8 	0.0 	0.0 	0.0 	0.0 	0.0 	9.7 	10.6	0.0 	0.0 	0.0 	0.0 	0.0 	0.0 	0.0 	0.0 	5.8 	7.0 	1.8 	1.5 	9.3 	4.1 	2.5 	3.6 	0.0 	0.0 	0.0 	0.0 	0.0 	0.0 	0.0 	57.7 
    	septiembre	SENAMHI	0.0 	4.5 	0.2 	0.2 	0.2 	3.6 	3.5 	0.0 	0.0 	0.2 	0.2 	0.2 	0.0 	6.0 	4.0 	0.8 	0.2 	2.0 	5.0 	0.0 	0.0 	0.0 	0.0 	0.0 	0.2 	0.0 	6.4 	0.0 	2.5 	4.2 	    	44.1 
    	octubre   	SENAMHI	3.2 	0.2 	2.4 	0.5 	5.8 	5.8 	3.7 	3.5 	5.5 	0.0 	3.0 	0.0 	0.0 	0.6 	2.4 	5.2 	3.2 	6.4 	0.5 	0.0 	2.6 	1.0 	4.0 	6.8 	5.4 	7.1 	7.7 	0.5 	    	2.8 	3.6 	93.4 
    	noviembre 	SENAMHI	0.0 	6.7 	17.5	1.8 	0.5 	2.8 	0.0 	0.0 	1.8 	0.0 	12.0	1.3 	0.7 	3.4 	3.6 	1.5 	1.5 	0.0 	11.9	3.4 	2.6 	0.4 	1.6 	2.5 	0.0 	1.0 	1.0 	0.0 	0.0 	9.0 	    	88.5 
    	diciembre 	SENAMHI	8.6 	18.2	0.0 	2.2 	6.2 	5.4 	11.2	12.2	13.4	10.6	0.4 	1.8 	3.0 	0.0 	0.0 	0.0 	12.1	6.5 	0.2 	10.5	14.4	0.0 	3.9 	9.5 	0.0 	2.3 	3.2 	1.2 	0.0 	8.7 	4.0 	169.7
2009	enero     	SENAMHI	4.3 	7.0 	1.0 	5.2 	4.9 	0.0 	0.0 	3.2 	5.2 	1.3 	2.9 	3.2 	1.0 	11.5	2.6 	19.3	5.2 	5.1 	1.8 	3.0 	1.2 	5.2 	5.0 	6.2 	0.0 	0.0 	0.0 	0.0 	5.0 	10.4	6.4 	127.1
    	febrero   	SENAMHI	0.0 	0.5 	6.0 	2.0 	3.2 	6.5 	4.8 	12.5	11.0	2.2 	0.0 	8.6 	0.0 	2.4 	1.8 	8.4 	6.0 	4.2 	0.3 	5.8 	7.4 	6.2 	4.4 	8.2 	1.5 	4.2 	7.5 	0.5 	    	    	    	126.1
    	marzo     	SENAMHI	8.4 	3.4 	2.6 	0.0 	0.3 	2.5 	0.0 	4.0 	2.8 	0.0 	6.2 	0.0 	28.0	10.8	0.0 	0.0 	0.0 	0.0 	2.4 	0.0 	5.6 	10.0	12.2	5.2 	1.2 	3.2 	2.8 	0.0 	3.4 	1.6 	1.5 	118.1
    	abril     	SENAMHI	1.4 	0.6 	2.0 	0.0 	0.8 	6.0 	8.6 	4.0 	0.4 	4.5 	6.4 	1.2 	2.8 	3.6 	2.5 	0.0 	0.0 	0.0 	0.0 	1.5 	2.4 	0.0 	0.2 	0.0 	2.8 	0.0 	3.5 	1.4 	0.0 	0.5 	    	57.1 
    	mayo      	SENAMHI	0.0 	0.0 	0.0 	0.0 	0.0 	0.0 	0.0 	0.0 	0.0 	0.0 	0.0 	0.0 	0.0 	1.5 	1.6 	0.0 	4.2 	0.4 	0.5 	0.0 	0.0 	0.0 	3.4 	3.2 	0.0 	0.0 	0.0 	0.0 	0.0 	0.0 	0.0 	14.8 
    	junio     	SENAMHI	0.0 	0.0 	8.5 	2.2 	0.0 	0.0 	0.0 	0.0 	0.0 	0.0 	0.0 	3.2 	0.0 	1.4 	0.0 	3.6 	1.2 	0.8 	0.6 	1.6 	2.1 	4.4 	1.4 	3.2 	2.2 	5.6 	1.2 	0.0 	8.6 	0.0 	    	51.8 
    	julio     	SENAMHI	0.0 	0.0 	0.0 	0.0 	0.0 	0.0 	0.0 	0.3 	12.1	0.0 	0.2 	0.0 	0.5 	0.6 	2.8 	0.5 	0.2 	0.4 	1.2 	0.0 	1.5 	1.0 	0.6 	0.1 	0.0 	7.2 	0.0 	1.1 	0.0 	0.0 	0.0 	30.3 
    	agosto    	SENAMHI	0.0 	5.9 	0.4 	0.0 	3.6 	0.0 	0.8 	1.8 	0.0 	2.4 	0.0 	0.0 	4.2 	3.8 	1.4 	2.2 	3.2 	6.8 	5.2 	6.4 	2.0 	0.0 	4.0 	0.0 	0.0 	1.8 	2.8 	0.0 	1.0 	5.6 	    	65.3 
    	septiembre	SENAMHI	2.1 	1.6 	0.0 	2.4 	1.2 	0.8 	3.5 	6.6 	0.3 	4.0 	1.8 	2.2 	0.0 	0.5 	12.5	3.8 	0.0 	0.8 	1.4 	3.6 	3.4 	1.8 	0.0 	2.2 	0.0 	0.5 	0.0 	0.0 	0.0 	0.5 	    	57.5 
    	octubre   	SENAMHI	12.2	0.0 	0.0 	7.2 	1.2 	0.8 	0.6 	1.8 	0.0 	1.6 	2.7 	0.0 	1.6 	0.0 	4.8 	11.0	10.6	9.8 	6.5 	3.6 	6.2 	8.4 	5.3 	4.3 	6.4 	2.8 	18.2	5.3 	7.4 	5.3 	11.2	156.8
    	noviembre 	SENAMHI	3.0 	1.0 	7.8 	3.9 	1.2 	0.0 	0.0 	0.2 	0.5 	11.2	4.4 	0.8 	24.4	9.2 	9.4 	7.2 	4.0 	4.7 	3.1 	13.0	6.0 	9.5 	6.0 	4.1 	3.7 	2.8 	10.6	3.7 	11.2	4.4 	    	171.0
    	diciembre 	SENAMHI	12.4	11.6	14.4	0.0 	11.0	10.0	8.8 	8.2 	9.2 	13.8	4.8 	1.8 	16.4	9.6 	1.4 	7.6 	10.5	20.3	10.0	15.0	5.5 	0.0 	13.2	0.0 	0.0 	14.4	11.0	9.8 	6.6 	14.0	    	271.3
2010	enero     	SENAMHI	5.7 	5.4 	5.4 	8.8 	6.8 	7.0 	8.9 	2.2 	1.4 	9.6 	9.8 	4.6 	3.6 	3.9 	17.1	12.3	0.0 	4.2 	10.0	9.8 	11.4	4.0 	0.0 	6.8 	4.0 	2.0 	1.0 	0.0 	0.0 	2.0 	0.0 	167.7
    	febrero   	SENAMHI	7.0 	0.0 	1.2 	4.6 	0.8 	2.2 	5.4 	0.0 	10.4	0.5 	0.0 	1.6 	2.0 	9.0 	23.4	6.0 	11.2	2.4 	0.0 	0.0 	0.6 	7.0 	4.7 	0.2 	7.3 	11.0	10.7	9.8 	    	    	    	139.0
    	marzo     	SENAMHI	5.7 	4.7 	14.1	2.1 	7.3 	4.9 	4.1 	1.8 	0.0 	0.2 	2.5 	4.2 	2.6 	2.0 	11.6	0.4 	6.4 	1.2 	0.0 	4.0 	4.2 	3.2 	0.4 	3.4 	3.7 	2.0 	3.4 	0.4 	0.0 	2.4 	    	102.9
