Año 	Mes       	Fuente 	1   	2   	3   	4   	5   	6   	7   	8   	9   	10  	11  	12  	13  	14  	15  	16  	17  	18  	19  	20  	21  	22  	23  	24  	25  	26  	27  	28  	29  	30  	31  	Total
1986	noviembre 	SENAMHI	3.5 	5.4 	5.0 	3.0 	10.5	8.4 	6.1 	6.8 	0.0 	2.3 	0.0 	0.0 	0.0 	0.0 	0.0 	1.1 	2.0 	0.0 	0.0 	0.0 	0.0 	0.0 	0.0 	0.0 	0.0 	0.0 	0.0 	0.0 	0.0 	0.0 	    	54.1 
    	diciembre 	SENAMHI	0.0 	0.0 	0.0 	0.0 	0.8 	2.3 	4.0 	2.0 	12.3	5.3 	6.3 	5.0 	0.0 	0.0 	0.0 	0.0 	0.0 	0.0 	0.0 	2.5 	2.5 	3.5 	14.0	7.2 	18.0	12.2	14.5	11.6	9.1 	9.1 	16.5	158.7
1987	enero     	SENAMHI	37.6	7.3 	12.6	11.7	7.6 	16.1	0.0 	0.0 	0.0 	7.1 	10.2	6.0 	1.0 	1.2 	3.7 	5.0 	11.0	15.5	12.1	9.1 	7.3 	8.6 	12.4	15.0	17.6	18.0	29.2	16.5	9.3 	2.5 	4.1 	315.3
    	febrero   	SENAMHI	1.8 	3.5 	9.5 	8.2 	3.0 	14.0	18.0	4.5 	17.4	12.4	4.5 	13.7	2.5 	0.0 	5.3 	6.4 	1.0 	0.0 	5.0 	3.0 	0.0 	2.0 	0.0 	0.0 	24.5	13.0	1.5 	6.0 	    	    	    	180.7
    	marzo     	SENAMHI	4.0 	0.0 	0.0 	0.0 	1.0 	20.0	11.0	0.0 	0.0 	0.0 	0.0 	0.0 	0.0 	0.0 	9.2 	2.0 	2.1 	0.0 	0.0 	0.0 	8.0 	24.0	6.0 	0.0 	0.0 	0.0 	0.0 	0.0 	2.0 	0.5 	0.0 	89.8 
    	abril     	SENAMHI	0.0 	0.0 	5.0 	6.0 	0.0 	0.0 	0.0 	0.0 	0.0 	0.0 	6.1 	8.2 	0.0 	0.0 	0.0 	0.0 	0.0 	0.0 	6.1 	3.0 	0.0 	0.0 	0.0 	0.0 	0.0 	0.0 	0.0 	0.0 	1.5 	3.2 	    	39.1 
    	mayo      	SENAMHI	2.0 	0.0 	0.0 	0.0 	0.0 	0.0 	0.0 	0.0 	0.0 	1.8 	0.0 	0.0 	0.0 	0.0 	0.0 	0.0 	0.0 	0.0 	0.0 	1.3 	0.0 	0.0 	1.5 	5.4 	0.0 	0.0 	0.0 	0.0 	0.0 	0.0 	0.0 	12.0 
    	junio     	SENAMHI	0.0 	0.0 	0.0 	1.5 	1.0 	0.0 	0.0 	0.0 	0.0 	0.0 	0.0 	0.0 	3.5 	2.0 	0.0 	0.0 	0.0 	0.0 	0.0 	4.5 	2.5 	0.0 	0.0 	0.0 	3.5 	0.0 	0.0 	0.0 	0.0 	2.0 	    	20.5 
    	julio     	SENAMHI	16.3	30.8	12.0	2.5 	0.0 	9.0 	0.0 	0.0 	0.0 	0.0 	0.0 	0.0 	0.0 	0.0 	0.0 	0.0 	0.0 	0.0 	0.0 	0.0 	0.0 	0.0 	0.0 	0.0 	0.0 	0.0 	0.0 	0.0 	0.0 	0.0 	0.0 	70.6 
    	agosto    	SENAMHI	0.0 	0.0 	0.0 	0.0 	0.0 	0.0 	0.0 	0.0 	0.0 	0.0 	0.0 	0.0 	0.0 	0.0 	0.0 	0.0 	0.0 	1.9 	4.4 	3.8 	1.8 	0.9 	0.4 	0.0 	0.0 	0.0 	0.0 	0.0 	0.0 	0.0 	0.0 	13.2 
    	septiembre	SENAMHI	0.0 	0.0 	0.0 	0.0 	0.0 	0.0 	0.0 	0.0 	0.0 	0.0 	0.0 	0.0 	1.7 	0.9 	0.0 	0.0 	0.0 	0.0 	0.0 	0.0 	0.0 	0.0 	0.0 	6.3 	0.0 	0.0 	0.0 	1.8 	0.0 	0.0 	    	10.7 
    	octubre   	SENAMHI	0.0 	0.0 	0.0 	0.0 	0.0 	0.0 	0.0 	0.0 	4.5 	1.9 	0.0 	0.0 	0.0 	0.0 	0.0 	0.0 	0.0 	0.0 	0.0 	0.0 	0.0 	0.0 	0.0 	0.0 	0.0 	0.0 	12.4	9.0 	0.0 	0.0 	0.0 	27.8 
    	noviembre 	SENAMHI	0.0 	0.0 	1.5 	3.1 	0.0 	5.1 	1.2 	1.2 	5.4 	0.0 	0.0 	0.0 	4.1 	6.5 	5.2 	1.2 	1.1 	1.5 	4.1 	0.0 	0.0 	0.0 	2.1 	3.0 	2.2 	0.0 	3.0 	4.1 	8.1 	0.0 	    	63.7 
    	diciembre 	SENAMHI	16.3	11.2	4.5 	3.1 	4.0 	5.0 	2.1 	1.0 	0.0 	5.0 	3.1 	17.0	0.0 	3.1 	0.0 	0.0 	1.0 	2.1 	0.0 	2.0 	0.0 	3.1 	8.4 	13.0	4.8 	1.5 	0.0 	0.0 	12.5	6.8 	13.2	143.8
1988	enero     	SENAMHI	5.8 	7.2 	10.2	4.1 	9.1 	3.1 	4.0 	0.0 	0.0 	0.0 	6.0 	3.8 	6.1 	8.9 	6.1 	16.2	9.1 	8.6 	11.3	3.8 	0.0 	4.2 	10.7	5.3 	1.2 	23.5	15.2	15.7	1.9 	2.8 	5.2 	209.1
    	febrero   	SENAMHI	8.2 	3.0 	10.1	12.7	9.1 	0.0 	0.8 	0.9 	11.3	25.0	4.6 	2.8 	0.0 	0.0 	0.0 	0.0 	0.0 	0.0 	22.0	5.2 	0.0 	5.1 	0.0 	5.0 	0.0 	0.0 	0.0 	    	3.5 	    	    	129.3
    	marzo     	SENAMHI	17.0	9.2 	21.7	12.8	0.0 	2.1 	6.1 	2.8 	0.9 	1.5 	4.2 	10.2	6.4 	6.2 	3.4 	5.7 	8.0 	5.8 	17.3	6.4 	9.7 	6.8 	0.0 	0.6 	12.6	8.1 	4.0 	7.8 	0.0 	9.0 	8.1 	214.4
    	abril     	SENAMHI	21.6	15.2	10.9	14.5	0.0 	0.0 	1.5 	1.9 	7.9 	28.8	16.5	8.4 	0.0 	0.0 	0.0 	0.8 	0.0 	0.0 	0.0 	3.0 	5.0 	0.0 	0.0 	6.8 	6.2 	6.4 	8.0 	0.0 	0.0 	0.5 	    	163.9
    	mayo      	SENAMHI	0.0 	0.0 	0.0 	0.0 	0.0 	0.0 	1.8 	8.0 	2.8 	2.9 	0.0 	0.0 	0.0 	0.0 	2.6 	0.0 	0.0 	0.0 	0.0 	0.0 	0.0 	3.2 	0.0 	0.0 	0.0 	0.0 	0.0 	0.0 	0.0 	0.0 	0.0 	21.3 
    	junio     	SENAMHI	0.0 	0.0 	0.0 	0.0 	0.0 	0.0 	0.0 	0.0 	0.0 	0.0 	0.0 	0.0 	0.0 	0.0 	0.0 	0.0 	0.0 	0.0 	0.0 	0.0 	0.0 	0.0 	4.5 	5.8 	0.0 	0.0 	0.0 	0.0 	0.0 	0.0 	    	10.3 
    	julio     	SENAMHI	0.0 	0.0 	0.0 	0.0 	0.0 	0.0 	0.0 	0.0 	0.0 	0.0 	0.0 	0.0 	0.0 	0.0 	0.0 	0.0 	0.0 	0.0 	0.0 	0.0 	0.0 	0.0 	0.0 	0.0 	0.0 	0.0 	0.0 	0.0 	0.0 	0.0 	0.0 	0.0  
    	agosto    	SENAMHI	0.0 	0.0 	0.0 	0.0 	0.0 	0.0 	0.0 	0.0 	0.0 	0.0 	0.5 	0.0 	0.0 	0.0 	0.0 	0.0 	0.0 	7.5 	0.0 	0.0 	0.0 	0.0 	0.0 	0.0 	0.0 	0.0 	0.0 	2.7 	0.0 	0.0 	0.0 	10.7 
    	septiembre	SENAMHI	0.0 	0.0 	0.0 	0.0 	9.0 	0.0 	0.0 	0.0 	0.0 	0.0 	0.0 	0.0 	0.0 	0.0 	0.0 	0.0 	0.0 	7.0 	0.0 	0.0 	0.0 	0.0 	0.0 	0.0 	0.0 	10.0	0.0 	7.8 	0.0 	0.0 	    	33.8 
    	octubre   	SENAMHI	0.0 	0.0 	1.8 	8.9 	11.0	10.0	0.0 	0.0 	0.0 	0.0 	0.0 	0.0 	0.0 	0.0 	0.0 	1.8 	3.1 	6.7 	0.0 	0.0 	0.0 	0.0 	0.0 	0.0 	0.0 	0.0 	0.0 	0.0 	2.5 	4.8 	10.0	60.6 
    	noviembre 	SENAMHI	5.9 	7.9 	2.9 	0.0 	0.0 	0.0 	0.0 	0.0 	0.0 	2.0 	4.5 	11.5	6.5 	3.7 	0.0 	0.0 	0.0 	0.0 	0.0 	0.0 	0.0 	0.0 	0.0 	0.0 	0.0 	2.7 	10.0	20.0	3.8 	0.0 	    	81.4 
    	diciembre 	SENAMHI	1.9 	1.7 	0.0 	0.0 	0.0 	0.0 	0.0 	0.0 	3.0 	1.9 	1.9 	8.5 	10.0	8.2 	25.5	2.8 	0.0 	14.6	14.0	0.0 	19.0	4.5 	26.8	17.6	8.5 	0.0 	0.0 	0.0 	0.0 	1.9 	3.0 	175.3
1989	enero     	SENAMHI	10.8	6.5 	8.2 	7.5 	6.5 	0.0 	0.0 	0.0 	0.0 	2.3 	10.0	12.0	10.8	18.2	15.0	14.0	11.3	9.8 	7.8 	8.5 	7.8 	4.6 	15.0	3.0 	4.5 	0.0 	0.0 	0.0 	1.8 	0.9 	0.0 	196.8
    	febrero   	SENAMHI	2.0 	3.0 	21.0	2.0 	5.0 	5.0 	0.0 	0.0 	10.8	9.7 	6.4 	0.0 	2.1 	10.0	7.1 	10.1	9.9 	5.1 	2.8 	2.5 	11.8	1.5 	3.8 	11.2	26.1	0.0 	3.0 	4.8 	    	    	    	176.7
    	marzo     	SENAMHI	1.8 	2.0 	7.2 	8.9 	11.2	0.0 	6.5 	8.3 	3.2 	0.5 	12.0	18.8	17.7	20.0	0.0 	0.0 	0.0 	0.0 	4.3 	5.6 	11.5	0.0 	17.2	10.5	3.2 	0.0 	13.0	16.0	5.0 	5.0 	2.6 	212.0
    	abril     	SENAMHI	1.0 	0.0 	0.0 	1.6 	0.0 	2.6 	0.0 	0.0 	0.8 	2.4 	0.0 	0.0 	0.0 	0.0 	2.7 	2.0 	3.5 	0.0 	5.6 	7.3 	3.7 	2.1 	14.0	0.0 	0.0 	0.0 	0.0 	0.0 	0.0 	0.0 	    	49.3 
    	mayo      	SENAMHI	0.0 	0.0 	0.0 	0.0 	0.0 	0.0 	0.0 	0.0 	0.0 	0.0 	0.0 	0.0 	0.0 	0.0 	0.0 	0.0 	0.0 	0.0 	0.0 	0.0 	0.0 	5.0 	2.0 	0.0 	0.0 	0.0 	0.0 	0.0 	0.0 	5.9 	4.8 	17.7 
    	junio     	SENAMHI	3.0 	0.0 	0.0 	0.0 	0.0 	0.0 	0.0 	0.0 	0.0 	0.0 	0.0 	0.0 	0.0 	0.0 	0.0 	0.0 	7.8 	14.8	2.0 	0.0 	0.0 	0.0 	0.0 	0.0 	0.0 	0.0 	0.0 	0.0 	0.0 	0.0 	    	27.6 
    	julio     	SENAMHI	0.0 	0.0 	0.0 	0.0 	0.0 	0.0 	0.0 	0.0 	0.5 	0.0 	2.5 	0.0 	0.0 	0.0 	0.0 	0.0 	0.0 	0.0 	0.0 	0.0 	0.0 	0.5 	0.0 	4.0 	1.0 	0.0 	0.0 	0.0 	0.0 	0.0 	0.0 	8.5  
    	agosto    	SENAMHI	5.5 	0.0 	0.0 	3.5 	0.0 	1.2 	0.0 	0.0 	0.0 	0.0 	0.0 	0.0 	3.2 	6.1 	7.0 	0.0 	0.0 	0.0 	0.0 	0.0 	0.0 	0.0 	0.0 	0.0 	0.8 	3.0 	0.5 	0.0 	0.0 	4.7 	14.2	49.7 
    	septiembre	SENAMHI	5.8 	1.6 	0.0 	0.0 	0.0 	0.0 	0.0 	0.0 	0.0 	0.0 	0.0 	0.0 	0.0 	8.0 	9.6 	0.0 	0.0 	0.0 	0.0 	0.0 	6.5 	0.0 	0.0 	0.0 	2.4 	13.5	0.0 	9.8 	4.2 	0.0 	    	61.4 
    	octubre   	SENAMHI	5.8 	8.3 	0.0 	0.0 	0.0 	7.0 	15.9	0.0 	0.0 	3.4 	2.0 	0.0 	3.0 	9.1 	0.0 	3.9 	2.7 	1.7 	2.8 	0.0 	0.0 	3.5 	1.8 	2.0 	0.8 	2.3 	4.1 	0.0 	3.1 	3.0 	0.0 	86.2 
    	noviembre 	SENAMHI	8.6 	0.0 	12.2	3.0 	8.5 	0.0 	0.0 	0.0 	0.0 	0.0 	0.0 	0.0 	0.0 	0.0 	0.0 	0.0 	0.0 	0.0 	0.0 	0.0 	0.0 	0.0 	0.0 	0.0 	0.0 	0.0 	0.0 	0.0 	0.9 	5.2 	    	38.4 
    	diciembre 	SENAMHI	0.0 	0.0 	0.0 	0.0 	0.0 	0.0 	0.0 	1.0 	0.0 	3.0 	0.0 	0.0 	0.0 	0.0 	3.0 	3.0 	0.0 	9.8 	0.0 	0.0 	0.0 	0.0 	4.1 	4.7 	13.2	0.0 	0.0 	0.0 	0.0 	0.0 	0.0 	41.8 
1990	enero     	SENAMHI	0.0 	5.8 	9.2 	5.2 	10.0	13.0	10.2	12.5	7.8 	0.0 	0.9 	0.0 	0.0 	0.8 	7.5 	10.3	3.1 	4.2 	4.1 	7.8 	10.0	0.0 	0.0 	0.0 	13.5	3.2 	2.4 	0.0 	0.8 	3.2 	3.4 	148.9
    	febrero   	SENAMHI	16.3	30.8	12.0	2.5 	0.0 	0.0 	0.0 	0.8 	0.0 	2.8 	3.9 	0.0 	0.0 	0.0 	0.0 	0.0 	0.0 	0.0 	0.0 	0.0 	0.0 	0.0 	0.0 	0.5 	2.4 	4.0 	10.1	4.8 	    	    	    	90.9 
    	marzo     	SENAMHI	3.6 	8.6 	0.0 	0.0 	11.8	15.0	4.8 	13.5	7.6 	6.4 	12.2	3.2 	4.2 	5.2 	0.0 	2.1 	5.0 	0.0 	1.5 	2.6 	0.0 	0.0 	0.0 	0.0 	0.0 	0.0 	0.0 	0.0 	0.0 	0.0 	0.0 	107.3
    	abril     	SENAMHI	2.0 	3.8 	0.0 	0.0 	1.5 	4.2 	4.1 	0.0 	0.0 	2.5 	10.5	4.2 	3.8 	4.0 	2.8 	9.2 	14.2	0.0 	0.0 	0.0 	0.0 	0.0 	0.0 	1.0 	0.0 	0.0 	0.0 	0.0 	0.8 	0.0 	    	68.6 
    	mayo      	SENAMHI	0.0 	0.0 	0.0 	0.0 	0.0 	0.0 	0.0 	0.0 	0.8 	6.9 	0.0 	0.0 	2.0 	0.0 	0.0 	0.8 	3.9 	16.0	8.3 	8.5 	1.9 	0.0 	0.0 	0.0 	0.0 	0.0 	0.0 	0.0 	0.0 	2.0 	0.0 	51.1 
    	junio     	SENAMHI	3.1 	0.0 	0.0 	0.5 	0.0 	1.0 	2.5 	3.0 	10.6	6.2 	1.3 	0.0 	0.0 	0.0 	0.0 	0.0 	0.0 	0.0 	0.0 	0.0 	0.0 	1.0 	1.5 	0.0 	0.0 	2.0 	0.0 	0.0 	0.0 	0.0 	    	32.7 
    	julio     	SENAMHI	0.0 	1.0 	0.0 	0.0 	0.0 	0.0 	0.0 	0.5 	0.0 	0.0 	0.0 	0.5 	0.0 	0.0 	0.0 	0.0 	0.0 	0.0 	0.0 	0.0 	0.0 	0.0 	0.0 	0.0 	0.0 	0.0 	0.0 	0.0 	0.5 	1.0 	1.0 	4.5  
    	agosto    	SENAMHI	1.3 	0.0 	0.0 	0.0 	0.0 	0.0 	0.0 	0.0 	0.0 	0.0 	0.0 	0.0 	0.0 	0.0 	0.0 	0.0 	0.0 	0.0 	0.0 	4.5 	13.6	0.0 	0.0 	0.0 	0.0 	0.0 	0.0 	0.0 	0.0 	0.0 	0.0 	19.4 
    	septiembre	SENAMHI	0.0 	0.0 	8.6 	0.0 	0.0 	0.0 	0.0 	0.0 	0.0 	0.0 	15.7	0.0 	6.0 	0.8 	0.0 	1.8 	0.0 	0.0 	0.0 	0.0 	0.0 	4.9 	0.0 	9.2 	1.5 	1.0 	1.2 	3.0 	1.0 	0.0 	    	54.7 
    	octubre   	SENAMHI	0.0 	0.0 	0.0 	0.0 	0.0 	0.0 	0.0 	3.5 	4.6 	2.6 	0.0 	15.0	5.4 	0.0 	2.5 	0.0 	10.8	3.0 	10.6	0.0 	0.0 	6.8 	21.6	6.7 	8.2 	2.1 	4.1 	1.7 	3.2 	1.8 	6.8 	121.0
    	noviembre 	SENAMHI	9.8 	0.0 	0.0 	0.0 	3.5 	10.3	0.0 	4.0 	4.9 	6.5 	5.8 	27.0	15.8	3.5 	0.0 	4.1 	2.1 	0.0 	0.0 	2.1 	2.0 	0.0 	3.5 	0.0 	0.0 	4.2 	3.5 	2.6 	9.0 	0.0 	    	124.2
    	diciembre 	SENAMHI	0.0 	0.0 	0.0 	0.0 	0.0 	0.0 	0.0 	0.0 	0.0 	0.0 	5.0 	28.5	16.0	10.0	6.0 	3.5 	3.6 	1.0 	0.0 	0.0 	0.0 	0.0 	10.9	17.0	25.9	15.0	5.0 	8.0 	28.0	0.0 	0.0 	183.4
1991	enero     	SENAMHI	0.0 	0.0 	0.0 	0.0 	0.0 	0.0 	0.0 	0.0 	0.0 	0.0 	0.0 	0.0 	0.0 	0.0 	0.0 	10.0	4.6 	19.2	8.6 	3.2 	2.9 	0.0 	3.2 	5.2 	10.0	8.0 	13.0	4.0 	2.0 	24.0	0.0 	117.9
    	febrero   	SENAMHI	4.0 	4.5 	3.4 	1.9 	0.0 	0.0 	0.0 	0.0 	2.6 	6.0 	14.3	13.2	10.0	15.2	7.5 	5.9 	0.0 	0.0 	0.0 	0.8 	7.0 	10.0	5.6 	17.3	7.5 	4.8 	17.5	13.4	    	    	    	172.4
    	marzo     	SENAMHI	7.4 	11.2	10.0	7.2 	11.2	11.2	2.2 	5.2 	5.0 	10.2	4.2 	5.1 	11.8	19.1	8.2 	4.1 	1.2 	0.0 	0.0 	0.0 	3.8 	6.6 	7.2 	10.5	3.5 	5.0 	0.0 	0.0 	0.0 	0.0 	0.0 	171.1
    	abril     	SENAMHI	7.4 	6.0 	0.0 	0.0 	0.0 	7.4 	16.6	0.0 	0.0 	0.5 	8.1 	10.2	4.5 	6.4 	0.0 	0.0 	0.5 	8.1 	16.6	2.0 	4.2 	0.0 	8.2 	5.8 	4.2 	0.0 	0.0 	2.5 	13.0	5.8 	    	138.0
    	mayo      	SENAMHI	0.0 	0.0 	0.0 	0.0 	0.0 	6.5 	0.0 	0.0 	0.0 	0.0 	0.0 	0.0 	0.0 	0.0 	0.0 	0.0 	0.0 	0.0 	0.0 	0.0 	0.0 	0.0 	0.0 	0.0 	0.0 	0.0 	0.0 	0.0 	0.0 	0.0 	0.0 	6.5  
    	junio     	SENAMHI	0.0 	0.0 	0.0 	0.0 	12.8	20.5	8.5 	0.0 	0.0 	0.0 	0.0 	0.0 	0.0 	0.0 	0.0 	0.0 	0.0 	0.0 	0.0 	0.0 	0.0 	0.0 	0.0 	0.0 	0.0 	0.0 	0.0 	0.0 	0.0 	0.0 	    	41.8 
    	julio     	SENAMHI	0.0 	0.0 	0.0 	0.0 	0.0 	0.0 	0.0 	0.0 	0.0 	0.0 	0.0 	0.0 	3.1 	5.3 	0.0 	0.0 	0.0 	0.0 	0.0 	0.0 	0.0 	0.0 	0.0 	0.0 	0.0 	0.0 	0.0 	0.0 	0.0 	0.0 	0.0 	8.4  
    	agosto    	SENAMHI	0.0 	0.0 	0.0 	0.0 	0.0 	0.0 	0.0 	0.0 	0.0 	0.0 	0.0 	0.0 	1.5 	0.5 	0.0 	0.0 	0.0 	0.0 	0.0 	0.0 	0.0 	0.0 	0.0 	0.0 	0.0 	0.0 	0.0 	0.0 	2.1 	5.6 	0.0 	9.7  
    	septiembre	SENAMHI	0.0 	0.0 	0.0 	0.0 	0.0 	0.0 	0.0 	4.5 	10.1	0.0 	0.0 	0.0 	0.0 	0.0 	1.8 	2.0 	0.0 	0.0 	1.8 	0.0 	0.0 	0.0 	0.0 	0.0 	0.0 	0.0 	0.0 	0.0 	0.0 	0.0 	    	20.2 
    	octubre   	SENAMHI	0.0 	0.0 	0.0 	0.0 	0.0 	1.2 	0.8 	0.0 	0.0 	0.0 	0.0 	0.0 	2.4 	14.8	5.0 	4.5 	0.0 	5.4 	14.5	6.0 	0.0 	9.6 	14.0	7.8 	0.0 	2.0 	2.5 	10.0	12.0	5.8 	0.0 	118.3
    	noviembre 	SENAMHI	1.0 	3.5 	2.0 	0.0 	0.0 	0.0 	0.0 	0.0 	0.0 	0.0 	0.0 	0.0 	0.0 	0.0 	0.0 	0.0 	0.0 	3.8 	5.2 	2.3 	0.9 	0.0 	0.0 	0.0 	0.0 	3.5 	13.8	8.6 	4.3 	0.0 	    	48.9 
    	diciembre 	SENAMHI	5.6 	3.5 	0.0 	0.0 	0.0 	0.0 	0.0 	0.0 	0.0 	0.0 	0.0 	0.0 	0.0 	0.0 	0.0 	0.0 	0.0 	0.0 	0.0 	0.0 	0.0 	2.5 	9.6 	10.5	5.1 	12.4	4.8 	0.0 	12.5	8.5 	12.5	87.5 
1992	enero     	SENAMHI	16.5	5.0 	0.5 	1.2 	0.0 	2.8 	5.8 	8.8 	10.5	0.5 	1.0 	0.5 	0.0 	0.0 	0.0 	4.2 	5.8 	4.5 	2.0 	5.1 	11.2	11.0	2.0 	18.5	4.9 	5.2 	1.8 	0.0 	0.0 	0.0 	0.0 	129.3
    	febrero   	SENAMHI	0.0 	0.0 	0.0 	0.0 	0.0 	0.0 	0.5 	1.0 	0.0 	0.0 	0.0 	0.0 	0.0 	0.0 	0.0 	11.5	4.6 	2.9 	9.8 	0.0 	0.0 	2.9 	11.2	16.0	6.5 	7.0 	9.2 	5.0 	19.5	    	    	107.6
    	marzo     	SENAMHI	15.0	5.7 	14.3	21.5	10.9	3.2 	5.3 	0.0 	0.0 	0.0 	1.1 	2.8 	0.8 	4.5 	3.0 	2.8 	3.1 	6.5 	10.0	0.0 	0.0 	0.0 	0.0 	0.0 	0.0 	0.0 	0.0 	0.0 	8.0 	4.2 	5.6 	128.3
    	abril     	SENAMHI	3.5 	2.0 	7.8 	4.5 	2.0 	0.0 	3.6 	0.0 	0.0 	0.0 	0.0 	0.0 	0.0 	0.0 	0.0 	0.0 	0.0 	0.0 	0.0 	0.0 	0.0 	0.0 	0.0 	0.0 	3.5 	9.0 	6.2 	0.0 	0.0 	0.0 	    	42.1 
    	mayo      	SENAMHI	0.0 	0.0 	0.0 	0.0 	0.0 	0.8 	4.5 	0.0 	0.0 	0.0 	0.0 	0.0 	0.0 	0.0 	0.0 	0.0 	0.0 	0.0 	0.0 	0.0 	0.0 	0.0 	0.0 	0.0 	0.0 	0.5 	0.0 	0.0 	0.0 	0.0 	0.0 	5.8  
    	junio     	SENAMHI	0.0 	4.5 	4.2 	1.3 	0.0 	0.0 	0.0 	0.0 	0.0 	0.0 	2.1 	0.0 	0.0 	0.0 	0.0 	0.0 	0.0 	0.0 	0.0 	0.0 	0.0 	0.0 	0.0 	0.0 	0.0 	0.5 	0.0 	0.0 	0.0 	0.0 	    	12.6 
    	julio     	SENAMHI	0.0 	0.0 	0.0 	0.0 	0.6 	0.0 	0.0 	2.5 	0.0 	0.0 	0.0 	0.0 	0.0 	0.0 	0.0 	0.0 	0.0 	0.0 	4.4 	0.0 	0.0 	0.0 	0.0 	0.0 	0.0 	0.0 	0.0 	0.0 	0.0 	0.0 	0.0 	7.5  
    	agosto    	SENAMHI	0.0 	0.0 	0.0 	2.1 	1.8 	0.0 	0.0 	0.0 	0.8 	0.0 	0.0 	0.0 	0.0 	0.0 	0.0 	0.0 	0.0 	0.0 	0.0 	2.8 	0.2 	0.0 	3.5 	0.0 	0.0 	1.2 	3.5 	0.0 	0.0 	0.0 	0.0 	15.9 
    	septiembre	SENAMHI	0.0 	0.0 	0.0 	0.0 	0.0 	0.0 	0.0 	0.0 	0.2 	0.4 	0.0 	0.0 	0.0 	0.0 	0.0 	0.0 	0.0 	0.0 	0.0 	0.0 	0.0 	0.0 	0.0 	0.0 	0.0 	0.5 	5.8 	0.4 	0.0 	0.0 	    	7.3  
    	octubre   	SENAMHI	0.0 	0.0 	0.0 	0.0 	2.2 	1.7 	14.0	0.0 	0.0 	3.5 	2.0 	6.8 	1.5 	0.7 	6.2 	14.0	10.8	8.2 	9.4 	0.4 	0.0 	3.5 	3.0 	5.0 	13.4	7.2 	0.3 	0.0 	0.0 	0.0 	0.0 	113.8
    	noviembre 	SENAMHI	0.0 	0.0 	0.0 	0.0 	0.0 	0.0 	0.0 	0.0 	0.0 	0.0 	0.1 	2.0 	0.0 	4.5 	0.5 	1.8 	7.0 	5.5 	10.5	9.6 	4.5 	0.8 	0.0 	0.0 	0.0 	0.0 	0.0 	0.0 	0.0 	0.0 	    	46.8 
    	diciembre 	SENAMHI	0.0 	0.0 	0.0 	0.0 	0.0 	0.0 	0.0 	0.0 	0.0 	0.0 	0.0 	0.0 	0.0 	3.3 	0.0 	0.0 	0.0 	0.0 	0.0 	0.0 	9.8 	0.0 	6.6 	10.0	14.0	3.5 	4.5 	0.0 	0.0 	0.0 	0.0 	51.7 
1993	enero     	SENAMHI	0.0 	12.0	14.6	6.5 	0.0 	0.0 	0.0 	0.0 	0.8 	0.0 	0.0 	4.5 	2.5 	0.0 	6.7 	7.4 	5.5 	7.5 	4.8 	7.0 	8.3 	4.3 	9.0 	5.6 	9.9 	9.5 	8.2 	9.9 	9.2 	8.5 	2.3 	164.5
    	febrero   	SENAMHI	4.8 	10.4	14.0	12.4	7.5 	11.8	22.0	15.8	0.5 	19.9	2.5 	6.5 	0.0 	0.0 	0.0 	0.0 	0.0 	2.8 	2.2 	0.0 	0.0 	2.3 	2.4 	0.0 	14.4	11.9	5.2 	14.0	    	    	    	183.3
    	marzo     	SENAMHI	4.3 	0.4 	0.0 	24.4	12.4	7.5 	11.8	22.0	16.3	19.9	2.5 	6.5 	0.0 	0.0 	0.0 	0.0 	0.0 	2.8 	2.0 	0.0 	2.3 	0.0 	2.4 	0.0 	14.4	11.9	5.2 	14.0	0.0 	0.0 	0.0 	183.0
    	abril     	SENAMHI	4.8 	0.2 	6.5 	6.3 	10.0	6.4 	9.3 	12.6	11.5	6.5 	7.8 	5.6 	0.0 	0.0 	40.5	1.0 	7.2 	0.0 	2.1 	2.0 	12.5	4.3 	5.5 	3.5 	1.9 	0.0 	0.0 	5.8 	3.8 	0.3 	    	177.9
    	mayo      	SENAMHI	0.5 	0.0 	0.0 	0.0 	0.0 	0.0 	0.2 	4.6 	11.3	0.0 	0.0 	0.0 	1.5 	4.2 	0.0 	0.2 	0.8 	0.0 	2.0 	0.0 	0.0 	0.0 	0.0 	0.0 	0.7 	0.0 	0.0 	0.8 	0.0 	0.0 	0.0 	26.8 
    	junio     	SENAMHI	0.0 	0.0 	0.0 	0.0 	0.0 	0.0 	2.1 	0.0 	0.0 	0.0 	0.0 	0.0 	0.0 	0.0 	0.0 	0.0 	0.0 	0.0 	0.0 	0.0 	0.0 	0.0 	0.0 	0.0 	0.0 	0.0 	0.0 	0.0 	0.0 	0.0 	    	2.1  
    	julio     	SENAMHI	0.0 	5.5 	2.8 	0.5 	0.0 	0.0 	0.0 	0.0 	2.0 	0.0 	0.0 	0.0 	0.0 	6.4 	0.0 	0.0 	0.0 	0.0 	0.0 	0.0 	0.0 	0.0 	0.0 	0.0 	0.0 	0.0 	0.0 	0.0 	0.0 	1.5 	0.0 	18.7 
    	agosto    	SENAMHI	0.0 	0.0 	0.0 	0.0 	0.0 	0.0 	0.0 	0.0 	0.0 	0.0 	2.0 	0.0 	2.8 	0.0 	0.0 	0.0 	7.0 	6.0 	0.0 	0.3 	0.0 	0.0 	0.0 	0.0 	0.0 	0.0 	0.0 	0.0 	0.0 	0.0 	0.0 	18.1 
    	septiembre	SENAMHI	0.0 	0.0 	0.0 	0.0 	0.0 	0.0 	0.0 	0.0 	0.0 	0.0 	0.0 	1.7 	2.8 	6.2 	0.0 	0.0 	0.0 	0.0 	0.0 	3.6 	0.1 	2.2 	5.4 	1.8 	1.4 	5.5 	0.0 	0.0 	0.0 	0.0 	    	30.7 
    	octubre   	SENAMHI	3.7 	2.8 	4.1 	6.7 	3.3 	5.8 	0.0 	1.8 	4.3 	0.0 	0.0 	4.6 	2.0 	4.3 	5.2 	10.2	12.4	4.2 	2.3 	0.6 	0.0 	4.2 	0.0 	0.0 	11.7	3.9 	10.9	10.1	1.6 	0.0 	0.0 	120.7
    	noviembre 	SENAMHI	2.0 	6.8 	7.9 	5.2 	11.0	6.7 	10.3	5.9 	14.2	14.1	8.4 	8.2 	7.9 	4.5 	0.0 	0.0 	0.0 	0.0 	0.0 	9.2 	12.4	6.0 	8.0 	7.2 	2.8 	4.8 	8.4 	7.8 	0.0 	5.6 	    	185.3
    	diciembre 	SENAMHI	0.9 	5.6 	8.5 	11.5	17.2	7.1 	1.2 	1.7 	0.5 	2.9 	7.2 	4.3 	2.1 	0.0 	0.0 	2.5 	5.5 	0.0 	5.0 	1.6 	7.9 	8.5 	4.5 	8.8 	6.6 	11.0	5.3 	8.7 	9.6 	0.0 	3.7 	159.9
1994	enero     	SENAMHI	8.2 	16.9	1.7 	0.0 	5.6 	7.5 	8.3 	4.7 	0.9 	2.7 	18.2	4.9 	0.8 	0.0 	1.7 	9.8 	9.9 	14.2	10.6	10.7	7.1 	8.6 	7.0 	12.8	12.9	9.0 	7.6 	5.3 	7.8 	5.6 	7.2 	228.2
    	febrero   	SENAMHI	7.7 	5.6 	9.1 	7.2 	5.6 	8.5 	6.6 	11.0	10.2	3.7 	3.5 	12.9	7.5 	0.0 	8.3 	5.0 	10.7	9.0 	7.8 	6.9 	14.3	8.8 	4.1 	7.2 	6.2 	7.8 	8.3 	7.2 	    	    	    	210.7
    	marzo     	SENAMHI	13.3	8.2 	13.9	9.8 	1.3 	7.2 	5.2 	7.6 	3.2 	0.9 	0.9 	1.8 	4.4 	10.8	5.8 	6.8 	21.8	10.0	9.0 	17.1	0.2 	2.2 	15.3	12.6	8.7 	7.2 	4.4 	7.0 	4.2 	2.0 	2.8 	225.6
    	abril     	SENAMHI	5.0 	10.5	4.0 	4.9 	0.9 	0.0 	1.8 	2.3 	3.7 	8.8 	13.1	7.9 	1.6 	2.7 	10.6	7.5 	12.0	5.2 	7.9 	2.9 	10.3	1.9 	0.0 	7.0 	6.8 	13.8	1.3 	6.5 	2.7 	0.0 	    	163.6
    	mayo      	SENAMHI	3.0 	0.8 	0.0 	13.0	0.8 	1.7 	6.5 	2.0 	11.5	0.0 	0.0 	0.0 	0.0 	0.0 	0.0 	0.0 	0.0 	0.0 	0.0 	0.0 	0.0 	0.0 	0.0 	0.0 	0.0 	0.0 	0.0 	0.0 	0.7 	0.0 	0.0 	40.0 
    	junio     	SENAMHI	0.0 	0.0 	0.0 	0.0 	0.0 	0.0 	0.0 	0.2 	0.0 	2.2 	0.0 	2.5 	0.0 	0.0 	1.3 	0.1 	0.0 	0.0 	0.0 	0.0 	0.0 	0.0 	0.0 	0.0 	2.0 	0.0 	0.0 	0.0 	0.0 	0.0 	    	8.3  
    	julio     	SENAMHI	0.0 	2.4 	0.0 	0.0 	0.0 	0.0 	0.0 	0.0 	0.0 	0.0 	0.0 	0.0 	0.0 	0.0 	0.0 	3.6 	0.0 	0.0 	1.4 	0.0 	0.0 	0.0 	0.0 	0.0 	0.0 	0.0 	0.0 	0.0 	0.0 	0.0 	0.0 	7.4  
    	agosto    	SENAMHI	0.0 	0.0 	0.0 	0.0 	0.0 	2.1 	0.5 	0.0 	0.0 	0.0 	0.0 	9.6 	0.0 	0.0 	0.0 	0.0 	0.0 	0.0 	0.0 	0.0 	0.0 	0.0 	0.0 	0.0 	0.0 	0.0 	2.3 	0.0 	0.0 	2.9 	0.0 	17.4 
    	septiembre	SENAMHI	6.3 	9.1 	0.6 	0.4 	0.4 	0.1 	0.2 	0.0 	0.0 	0.0 	0.9 	1.1 	0.0 	0.0 	0.7 	0.8 	1.9 	0.0 	0.0 	0.9 	12.7	0.8 	0.0 	0.5 	1.0 	0.7 	14.1	0.0 	0.8 	0.0 	    	54.0 
    	octubre   	SENAMHI	0.0 	0.0 	2.1 	1.9 	0.0 	0.0 	0.0 	0.7 	0.8 	0.0 	0.0 	10.1	0.0 	6.6 	0.0 	0.0 	3.7 	0.0 	5.4 	8.2 	0.2 	0.0 	0.0 	2.9 	0.0 	0.0 	0.0 	1.2 	0.2 	0.0 	0.0 	44.0 
    	noviembre 	SENAMHI	0.0 	0.0 	2.8 	2.1 	2.4 	0.0 	0.0 	0.0 	0.0 	0.0 	0.0 	3.2 	0.0 	0.0 	2.8 	0.0 	0.0 	3.1 	2.1 	3.4 	0.0 	0.0 	0.0 	2.1 	0.3 	2.0 	2.4 	2.1 	0.9 	5.2 	    	36.9 
    	diciembre 	SENAMHI	3.6 	4.8 	0.0 	0.0 	0.0 	0.0 	0.0 	1.2 	0.5 	0.0 	0.9 	11.7	0.0 	0.0 	0.0 	0.0 	1.4 	6.6 	8.5 	2.5 	0.0 	0.0 	0.3 	2.6 	6.7 	7.8 	1.7 	12.6	2.4 	5.2 	10.1	91.1 
1995	enero     	SENAMHI	8.6 	8.1 	7.4 	0.0 	0.0 	1.3 	3.3 	2.0 	2.3 	2.3 	0.2 	0.0 	0.0 	0.0 	0.3 	7.2 	2.9 	10.8	12.8	1.5 	10.3	0.0 	0.6 	19.5	12.1	10.0	3.0 	18.4	0.0 	0.0 	3.3 	148.2
    	febrero   	SENAMHI	5.0 	3.7 	1.9 	0.0 	6.1 	0.2 	1.0 	0.0 	0.0 	0.0 	0.0 	0.0 	0.0 	0.0 	3.2 	0.4 	2.1 	10.0	19.0	0.5 	0.9 	4.1 	2.8 	8.1 	7.4 	12.0	12.0	1.4 	    	    	    	101.8
    	marzo     	SENAMHI	1.9 	1.0 	12.0	17.3	9.0 	20.2	14.6	4.5 	17.1	8.1 	12.0	12.1	8.4 	10.7	0.2 	1.9 	3.7 	0.0 	0.0 	0.0 	3.4 	0.0 	0.0 	8.8 	3.1 	0.8 	0.4 	0.0 	5.4 	5.6 	9.6 	191.8
    	abril     	SENAMHI	10.1	10.5	5.4 	7.5 	8.2 	2.1 	0.0 	0.0 	3.8 	2.8 	0.9 	2.5 	3.5 	0.9 	1.5 	1.7 	6.4 	0.0 	0.0 	0.0 	0.5 	0.0 	0.0 	0.4 	0.0 	0.0 	0.0 	0.0 	0.0 	0.0 	    	68.7 
    	mayo      	SENAMHI	1.0 	0.0 	0.0 	0.0 	0.0 	0.0 	0.0 	0.0 	0.0 	0.9 	0.0 	0.0 	0.0 	0.0 	0.0 	0.4 	3.0 	4.5 	0.0 	0.0 	0.0 	0.0 	0.0 	0.0 	0.0 	0.0 	0.0 	0.0 	0.0 	0.0 	0.0 	9.8  
    	junio     	SENAMHI	0.0 	0.0 	0.0 	0.0 	0.0 	0.0 	0.0 	0.0 	0.0 	0.0 	0.0 	0.0 	0.0 	0.0 	0.0 	0.0 	0.0 	0.0 	0.0 	0.0 	0.0 	0.0 	0.5 	0.0 	0.0 	0.0 	0.0 	0.0 	0.0 	2.3 	    	2.8  
    	julio     	SENAMHI	0.0 	0.0 	0.0 	0.0 	0.0 	0.0 	0.0 	0.0 	0.0 	0.1 	0.0 	0.0 	0.0 	0.0 	0.0 	0.0 	0.0 	0.0 	0.0 	7.6 	0.0 	0.0 	0.0 	0.0 	0.0 	0.0 	0.0 	0.0 	0.0 	0.0 	0.1 	7.8  
    	agosto    	SENAMHI	0.0 	0.0 	0.0 	0.4 	0.0 	0.0 	0.0 	0.0 	0.0 	0.0 	0.0 	1.5 	0.0 	0.0 	0.0 	0.0 	0.0 	0.0 	0.0 	0.0 	0.0 	0.0 	0.0 	0.0 	0.0 	0.0 	0.0 	0.0 	0.0 	0.0 	0.0 	1.9  
    	septiembre	SENAMHI	0.0 	0.0 	0.0 	0.0 	0.0 	0.0 	0.0 	0.0 	0.0 	0.0 	0.0 	2.5 	2.0 	2.3 	2.0 	6.6 	4.6 	1.3 	4.6 	0.7 	0.0 	3.8 	0.8 	5.6 	0.6 	0.0 	0.0 	0.0 	0.0 	2.9 	    	40.3 
    	octubre   	SENAMHI	1.4 	2.9 	2.0 	4.0 	0.0 	0.0 	0.0 	0.0 	0.0 	0.0 	0.0 	0.0 	0.0 	0.0 	0.0 	6.6 	11.8	1.7 	6.2 	0.0 	2.0 	0.0 	0.0 	6.0 	0.0 	6.0 	1.0 	2.1 	3.2 	3.9 	4.4 	65.2 
    	noviembre 	SENAMHI	4.9 	0.0 	4.5 	0.0 	0.0 	0.0 	0.0 	0.0 	3.2 	1.8 	0.0 	2.5 	3.0 	9.7 	9.3 	16.8	7.0 	10.8	2.5 	0.0 	0.0 	0.0 	0.0 	0.0 	0.0 	0.0 	0.0 	1.9 	0.5 	0.0 	    	78.4 
    	diciembre 	SENAMHI	0.6 	0.0 	9.4 	0.5 	0.0 	0.0 	0.0 	0.0 	0.0 	0.0 	0.0 	0.0 	0.0 	0.0 	0.0 	0.0 	3.5 	1.5 	0.0 	0.0 	19.9	20.0	10.8	9.1 	8.8 	10.2	8.9 	4.0 	9.4 	8.4 	6.1 	131.1
1996	enero     	SENAMHI	0.0 	2.0 	13.0	2.1 	14.0	13.0	0.8 	7.4 	3.0 	2.0 	13.0	11.0	0.0 	0.0 	0.0 	0.3 	13.0	2.0 	1.0 	2.0 	14.0	4.0 	12.0	14.5	5.5 	3.5 	5.0 	0.0 	7.5 	4.7 	8.0 	178.3
    	febrero   	SENAMHI	7.0 	10.0	5.0 	0.0 	0.5 	0.6 	1.7 	11.5	6.0 	10.1	11.5	3.5 	7.0 	3.0 	1.3 	2.0 	5.8 	5.5 	10.6	15.2	1.1 	8.0 	4.8 	8.0 	3.1 	2.4 	0.0 	14.8	2.2 	    	    	162.2
    	marzo     	SENAMHI	5.5 	8.1 	4.9 	7.7 	1.8 	1.6 	1.5 	3.3 	2.0 	3.7 	7.9 	1.0 	3.4 	2.7 	1.1 	2.7 	0.0 	0.0 	0.0 	5.0 	2.0 	2.4 	0.9 	2.9 	1.8 	3.6 	4.0 	3.1 	2.7 	10.9	4.0 	102.2
    	abril     	SENAMHI	2.0 	3.3 	7.0 	4.0 	3.8 	4.1 	1.8 	6.4 	4.1 	9.0 	9.6 	4.8 	5.4 	0.0 	0.0 	0.0 	2.6 	11.3	9.5 	0.0 	0.0 	0.0 	0.0 	2.0 	0.0 	0.0 	2.8 	0.0 	2.6 	0.0 	    	96.1 
    	mayo      	SENAMHI	1.4 	0.8 	0.9 	0.0 	0.0 	0.0 	0.0 	0.0 	0.0 	0.8 	0.0 	0.9 	0.0 	0.0 	0.0 	0.0 	1.0 	0.0 	0.0 	0.0 	0.0 	0.8 	0.0 	0.0 	0.7 	0.0 	7.0 	0.0 	0.0 	0.0 	0.0 	14.3 
    	junio     	SENAMHI	0.0 	0.0 	0.0 	0.0 	0.0 	0.0 	0.0 	0.0 	0.0 	0.0 	0.0 	0.0 	0.0 	0.0 	0.0 	0.0 	0.0 	0.4 	0.0 	0.2 	0.0 	0.0 	0.7 	0.0 	0.0 	0.0 	0.0 	0.0 	0.5 	0.0 	    	1.8  
    	julio     	SENAMHI	0.0 	0.0 	0.0 	0.0 	0.0 	0.0 	0.0 	0.0 	0.0 	1.6 	0.0 	0.0 	0.0 	0.0 	0.0 	0.0 	0.0 	0.0 	0.0 	0.0 	1.2 	0.0 	0.0 	0.0 	0.0 	0.0 	0.0 	0.5 	0.0 	0.0 	0.0 	3.3  
    	agosto    	SENAMHI	0.0 	0.0 	0.0 	0.0 	0.0 	0.0 	0.5 	1.4 	0.0 	1.3 	0.0 	0.0 	3.7 	2.0 	2.1 	0.0 	0.0 	1.4 	0.2 	0.3 	0.0 	0.0 	0.0 	1.5 	0.0 	0.0 	4.0 	3.6 	0.0 	0.0 	0.8 	22.8 
    	septiembre	SENAMHI	0.0 	0.0 	0.0 	0.0 	1.0 	1.7 	0.0 	0.0 	0.6 	10.5	1.0 	1.0 	0.0 	0.0 	0.5 	1.5 	1.3 	0.0 	7.7 	5.5 	0.0 	0.0 	0.0 	0.0 	0.0 	4.3 	0.0 	0.0 	3.1 	0.9 	    	40.6 
    	octubre   	SENAMHI	0.0 	0.0 	1.0 	0.0 	0.0 	0.0 	2.5 	0.8 	1.4 	0.0 	0.0 	1.5 	0.0 	0.0 	0.0 	1.0 	3.5 	0.0 	0.8 	1.3 	2.1 	3.4 	4.8 	0.0 	0.0 	0.0 	0.0 	0.0 	2.4 	1.0 	16.6	44.1 
    	noviembre 	SENAMHI	4.4 	0.0 	0.0 	0.0 	2.8 	0.0 	9.8 	3.7 	0.8 	2.3 	0.3 	0.0 	0.0 	0.0 	0.5 	0.0 	0.0 	0.0 	0.0 	5.2 	0.0 	0.0 	0.5 	0.0 	0.0 	0.0 	0.0 	2.6 	2.8 	3.5 	    	39.2 
    	diciembre 	SENAMHI	10.8	6.2 	0.0 	0.0 	5.9 	10.0	0.0 	0.0 	6.8 	2.5 	6.7 	6.9 	10.5	0.0 	0.3 	7.8 	2.5 	2.0 	4.3 	7.8 	12.7	5.3 	0.0 	7.0 	9.7 	7.6 	0.0 	0.0 	0.0 	0.2 	0.0 	133.5
1997	enero     	SENAMHI	8.2 	0.0 	4.2 	6.9 	3.4 	0.8 	2.0 	5.8 	9.0 	12.0	8.2 	5.1 	10.3	1.4 	8.5 	4.4 	13.6	8.5 	7.4 	0.0 	0.0 	0.0 	3.2 	1.6 	1.2 	3.6 	21.6	3.0 	1.1 	2.9 	0.0 	157.9
    	febrero   	SENAMHI	0.0 	0.0 	0.0 	0.0 	7.4 	6.0 	4.3 	11.1	5.3 	2.6 	19.3	15.2	7.5 	6.2 	8.2 	1.6 	8.2 	1.0 	10.0	10.6	4.2 	7.2 	7.7 	25.4	2.8 	6.8 	1.4 	3.8 	    	    	    	183.8
    	marzo     	SENAMHI	11.5	0.0 	0.0 	0.0 	8.5 	8.4 	6.1 	8.7 	0.0 	7.8 	0.9 	0.0 	0.0 	1.7 	0.4 	0.0 	0.0 	1.4 	0.0 	0.0 	0.0 	0.0 	0.0 	0.0 	0.0 	0.0 	0.0 	3.8 	6.8 	0.8 	0.0 	66.8 
    	abril     	SENAMHI	0.0 	0.0 	0.0 	0.0 	0.0 	2.3 	2.2 	3.1 	2.4 	1.8 	0.0 	0.0 	0.0 	0.0 	0.3 	0.0 	1.2 	0.0 	0.9 	0.0 	4.2 	0.0 	0.0 	0.0 	5.8 	0.0 	0.0 	2.7 	3.5 	0.0 	    	30.4 
    	mayo      	SENAMHI	0.0 	1.2 	0.9 	0.0 	0.0 	2.4 	0.0 	0.0 	1.0 	0.0 	0.0 	0.0 	0.0 	0.0 	0.0 	0.0 	0.0 	2.0 	0.0 	0.5 	0.0 	0.0 	0.0 	0.0 	0.2 	0.0 	0.0 	0.0 	0.0 	0.0 	0.0 	8.2  
    	junio     	SENAMHI	0.0 	0.0 	0.0 	0.0 	0.0 	0.0 	0.0 	0.0 	0.0 	0.0 	0.0 	0.0 	0.0 	0.0 	0.0 	0.0 	0.0 	1.8 	0.0 	0.0 	0.0 	0.0 	0.0 	1.4 	0.0 	0.8 	0.0 	0.0 	0.0 	0.0 	    	4.0  
    	julio     	SENAMHI	0.0 	0.0 	0.0 	0.0 	0.0 	0.0 	0.0 	0.0 	0.0 	0.0 	0.0 	0.0 	0.0 	0.0 	0.0 	0.0 	0.0 	0.0 	0.0 	0.0 	0.7 	0.3 	0.0 	0.0 	0.0 	0.0 	0.0 	0.0 	0.0 	0.0 	0.0 	1.0  
    	agosto    	SENAMHI	0.0 	0.0 	0.0 	0.0 	0.0 	2.2 	8.1 	11.1	7.1 	9.2 	10.4	6.2 	0.0 	0.0 	0.0 	0.0 	0.0 	0.0 	0.0 	3.2 	0.0 	0.0 	0.0 	0.0 	0.0 	0.0 	0.0 	0.0 	0.0 	0.0 	0.0 	57.5 
    	septiembre	SENAMHI	0.0 	0.0 	0.0 	0.0 	0.0 	0.0 	0.0 	0.0 	0.0 	0.0 	0.0 	0.6 	1.6 	0.0 	2.9 	3.8 	0.4 	0.5 	0.0 	0.0 	0.0 	0.0 	0.0 	0.0 	0.4 	4.2 	11.6	12.3	0.4 	0.0 	    	38.7 
    	octubre   	SENAMHI	0.0 	2.9 	2.1 	8.3 	6.2 	3.2 	6.8 	4.5 	0.0 	1.2 	1.4 	0.0 	0.0 	0.0 	0.0 	0.8 	0.0 	0.0 	0.0 	0.0 	2.9 	13.5	10.3	0.0 	0.0 	2.1 	0.0 	0.0 	0.0 	10.0	12.4	88.6 
    	noviembre 	SENAMHI	6.4 	10.7	3.4 	13.6	4.5 	3.3 	16.5	3.5 	3.2 	2.8 	4.8 	0.0 	0.0 	0.0 	0.0 	0.0 	2.4 	0.9 	6.5 	3.2 	8.5 	3.1 	1.5 	1.8 	0.0 	0.0 	0.0 	1.9 	4.6 	1.5 	    	108.6
    	diciembre 	SENAMHI	4.4 	1.9 	2.8 	2.6 	0.7 	3.3 	2.4 	0.0 	4.2 	3.1 	10.2	1.5 	0.0 	0.0 	0.0 	1.4 	1.2 	5.8 	13.9	9.8 	4.5 	7.6 	6.2 	28.2	16.4	25.4	10.9	1.4 	0.0 	0.0 	13.0	182.8
1998	enero     	SENAMHI	13.8	6.7 	8.3 	8.7 	7.2 	6.0 	12.8	4.8 	7.2 	2.2 	3.5 	7.3 	9.9 	0.7 	5.0 	0.0 	0.0 	0.0 	13.0	9.7 	6.1 	25.2	13.8	14.6	10.1	27.6	0.0 	1.4 	2.6 	19.6	2.0 	249.8
    	febrero   	SENAMHI	0.0 	0.9 	18.2	5.7 	0.0 	11.6	16.7	8.4 	1.0 	3.5 	7.9 	3.0 	0.0 	1.8 	2.8 	12.7	16.4	4.7 	2.8 	2.6 	2.1 	4.4 	15.2	3.9 	10.8	13.8	2.9 	2.3 	    	    	    	176.1
    	marzo     	SENAMHI	7.8 	6.6 	4.8 	3.6 	0.0 	0.0 	8.2 	5.1 	5.7 	4.2 	4.4 	1.8 	7.4 	27.5	10.0	14.9	17.0	5.0 	0.0 	2.9 	4.3 	2.0 	0.0 	4.1 	0.0 	6.2 	2.3 	0.0 	3.4 	11.7	6.1 	177.0
    	abril     	SENAMHI	6.6 	20.3	12.8	3.1 	5.1 	0.0 	3.9 	0.0 	0.0 	0.0 	0.0 	0.0 	0.0 	0.0 	0.0 	0.3 	0.0 	3.1 	1.9 	0.0 	0.0 	0.0 	0.0 	0.0 	0.0 	0.0 	0.0 	0.0 	0.0 	8.2 	    	65.3 
    	mayo      	SENAMHI	0.0 	0.0 	0.0 	0.0 	0.0 	0.0 	0.0 	0.0 	0.0 	0.0 	0.0 	0.0 	0.0 	0.0 	0.0 	0.0 	0.0 	0.0 	0.0 	0.0 	0.0 	0.0 	0.3 	0.0 	0.0 	0.0 	0.0 	0.0 	0.4 	0.0 	0.0 	0.7  
    	junio     	SENAMHI	0.0 	0.0 	0.9 	0.0 	0.0 	0.0 	0.0 	0.0 	0.0 	0.0 	0.0 	0.0 	0.0 	0.0 	0.0 	0.0 	0.0 	0.0 	0.0 	0.0 	0.0 	0.7 	2.0 	4.3 	1.2 	0.0 	1.0 	1.0 	1.8 	0.0 	    	12.9 
    	julio     	SENAMHI	0.0 	0.0 	0.0 	0.0 	0.0 	0.0 	0.0 	0.0 	0.0 	0.0 	0.0 	0.0 	0.0 	0.0 	0.0 	0.0 	0.0 	0.0 	0.0 	0.0 	0.0 	0.0 	0.0 	0.0 	0.0 	1.2 	0.8 	0.0 	0.0 	0.0 	0.0 	2.0  
    	agosto    	SENAMHI	0.0 	0.0 	0.0 	0.0 	0.0 	0.0 	0.0 	0.0 	0.0 	0.0 	0.0 	0.0 	0.0 	0.0 	1.3 	0.0 	0.0 	0.0 	0.0 	1.2 	0.0 	0.0 	0.0 	0.0 	2.4 	0.0 	0.7 	1.5 	0.0 	0.0 	0.0 	7.1  
    	septiembre	SENAMHI	0.0 	0.0 	0.0 	0.0 	0.0 	0.0 	0.0 	0.0 	0.0 	1.0 	1.4 	0.0 	0.0 	0.0 	0.0 	0.0 	0.0 	0.0 	0.0 	0.5 	2.3 	0.5 	0.4 	0.0 	2.9 	2.1 	0.0 	0.0 	1.4 	3.4 	    	15.9 
    	octubre   	SENAMHI	3.2 	1.6 	0.0 	0.0 	0.0 	0.0 	0.7 	6.0 	5.2 	3.0 	1.2 	5.3 	0.7 	0.0 	0.0 	0.0 	0.0 	6.9 	4.9 	6.8 	12.5	7.4 	10.3	1.8 	0.8 	0.0 	0.0 	0.0 	0.5 	1.3 	0.8 	80.9 
    	noviembre 	SENAMHI	0.0 	0.0 	0.0 	0.0 	0.0 	0.0 	0.0 	0.0 	2.5 	5.3 	0.0 	0.0 	0.0 	0.0 	0.8 	8.2 	17.4	10.7	0.9 	0.0 	10.9	11.5	3.2 	0.0 	0.0 	2.5 	6.6 	4.3 	4.1 	0.0 	    	88.9 
    	diciembre 	SENAMHI	0.0 	0.0 	0.0 	0.0 	0.0 	0.9 	6.4 	0.8 	0.0 	2.8 	17.4	2.5 	10.2	10.1	5.7 	1.5 	4.9 	1.1 	8.2 	0.7 	0.0 	1.3 	2.3 	5.0 	1.8 	4.2 	4.2 	0.0 	7.0 	0.8 	0.0 	99.8 
1999	enero     	SENAMHI	1.0 	0.8 	0.0 	0.0 	0.0 	0.6 	7.1 	0.0 	1.1 	2.0 	2.4 	4.6 	3.3 	6.2 	3.9 	3.8 	8.3 	7.2 	3.2 	0.5 	1.9 	4.9 	1.0 	0.0 	0.4 	5.1 	5.1 	20.8	7.2 	5.1 	6.2 	113.7
    	febrero   	SENAMHI	0.6 	0.0 	3.0 	2.8 	2.7 	7.7 	23.1	4.2 	2.7 	16.9	7.3 	10.7	9.5 	9.3 	2.4 	24.4	21.9	10.0	13.8	4.4 	11.0	5.4 	1.8 	2.5 	6.6 	19.2	6.0 	3.5 	    	    	    	233.4
    	marzo     	SENAMHI	9.0 	1.6 	6.3 	1.9 	1.8 	1.7 	2.5 	1.0 	2.7 	8.6 	11.1	3.3 	1.7 	7.7 	12.5	4.7 	6.0 	11.4	0.8 	5.7 	5.5 	0.4 	17.9	3.5 	0.0 	1.4 	4.3 	2.4 	5.9 	0.3 	12.5	156.1
    	abril     	SENAMHI	7.2 	6.6 	11.6	7.3 	9.1 	13.7	15.9	9.8 	2.1 	2.5 	2.7 	0.4 	1.8 	1.2 	2.9 	2.6 	10.6	6.1 	2.8 	0.3 	0.0 	0.0 	2.1 	6.1 	0.0 	0.0 	0.0 	5.1 	0.6 	12.7	    	143.8
    	mayo      	SENAMHI	12.1	4.7 	8.8 	4.4 	3.1 	0.0 	0.0 	1.4 	0.9 	2.7 	4.8 	0.2 	0.0 	0.0 	0.3 	1.0 	0.0 	2.0 	0.0 	0.0 	0.0 	0.0 	0.0 	0.0 	0.0 	0.0 	0.0 	0.0 	0.0 	0.0 	0.9 	47.3 
    	junio     	SENAMHI	0.0 	1.3 	0.6 	0.0 	0.0 	0.0 	0.0 	0.0 	0.0 	0.0 	0.0 	0.0 	0.0 	0.0 	0.0 	0.0 	0.0 	0.0 	0.0 	0.0 	0.0 	0.4 	0.3 	0.0 	0.0 	0.0 	0.0 	0.0 	0.0 	0.0 	    	2.6  
    	julio     	SENAMHI	0.0 	0.0 	0.3 	1.8 	0.0 	0.6 	0.0 	0.0 	0.0 	0.0 	0.0 	0.0 	0.0 	0.0 	0.4 	0.0 	0.0 	0.0 	0.4 	0.0 	0.0 	0.8 	0.0 	4.5 	0.0 	0.0 	0.0 	0.0 	0.0 	0.0 	0.0 	8.8  
    	agosto    	SENAMHI	0.0 	0.0 	0.0 	0.0 	0.0 	0.0 	0.0 	0.0 	0.0 	0.0 	0.0 	0.0 	0.0 	1.2 	0.0 	0.0 	0.0 	0.0 	0.0 	0.0 	0.0 	0.0 	0.0 	0.0 	0.0 	0.0 	0.0 	0.0 	0.0 	0.5 	3.7 	5.4  
    	septiembre	SENAMHI	0.0 	0.0 	0.0 	3.6 	0.3 	0.4 	0.0 	0.0 	0.0 	0.0 	0.0 	0.4 	0.0 	0.0 	0.0 	0.0 	0.0 	0.0 	0.0 	0.0 	0.8 	0.3 	2.9 	1.1 	3.9 	2.2 	0.6 	4.0 	3.9 	0.3 	    	24.7 
    	octubre   	SENAMHI	9.2 	24.4	8.4 	10.7	4.4 	2.8 	0.0 	0.0 	0.0 	0.0 	0.0 	0.0 	0.0 	0.5 	1.8 	1.6 	0.4 	2.1 	0.0 	0.0 	0.3 	4.1 	3.9 	3.4 	0.0 	0.0 	0.0 	0.0 	2.6 	1.2 	0.7 	82.5 
    	noviembre 	SENAMHI	0.7 	3.0 	0.0 	0.0 	0.0 	0.0 	0.0 	0.4 	2.5 	1.8 	4.1 	0.0 	0.0 	0.0 	0.7 	0.0 	3.1 	0.0 	0.0 	0.0 	0.0 	0.0 	5.7 	5.4 	3.0 	7.0 	6.0 	5.4 	11.4	2.2 	    	62.4 
    	diciembre 	SENAMHI	2.5 	2.2 	16.2	6.2 	1.3 	0.0 	3.5 	9.3 	10.3	8.3 	4.9 	4.0 	12.6	3.9 	15.7	0.4 	2.2 	0.3 	6.7 	0.0 	2.4 	23.1	3.1 	2.2 	3.0 	0.0 	5.9 	6.3 	0.0 	8.2 	7.3 	172.0
2000	enero     	SENAMHI	7.3 	12.6	4.6 	17.6	9.5 	5.8 	9.3 	1.2 	16.3	12.5	3.4 	2.4 	6.8 	0.8 	0.0 	0.0 	7.9 	7.2 	8.8 	4.7 	1.6 	7.6 	5.4 	3.6 	1.8 	6.5 	7.0 	3.1 	2.5 	6.5 	7.4 	191.7
    	febrero   	SENAMHI	3.1 	1.0 	10.4	7.7 	1.2 	6.6 	9.2 	1.2 	2.0 	9.6 	0.0 	0.0 	10.7	7.9 	8.5 	10.0	1.2 	8.3 	2.8 	8.3 	9.2 	10.3	10.3	8.1 	9.6 	8.9 	6.6 	9.5 	12.7	    	    	194.9
    	marzo     	SENAMHI	12.6	7.4 	10.6	5.9 	7.0 	8.2 	9.5 	5.5 	7.8 	9.1 	0.0 	2.1 	5.2 	2.9 	6.6 	5.3 	5.8 	6.4 	8.5 	11.4	12.5	3.3 	20.8	9.2 	3.2 	0.0 	1.1 	0.0 	10.8	8.4 	20.5	227.6
    	abril     	SENAMHI	5.8 	0.0 	1.9 	2.1 	2.8 	1.2 	0.4 	2.0 	1.3 	2.1 	0.0 	0.0 	5.5 	3.4 	3.6 	8.4 	0.0 	1.4 	0.0 	3.5 	4.8 	5.6 	1.3 	0.0 	0.0 	1.3 	1.4 	0.8 	1.5 	1.0 	    	63.1 
    	mayo      	SENAMHI	0.2 	2.7 	11.8	10.8	0.4 	13.3	4.4 	0.0 	0.0 	0.0 	0.5 	1.4 	7.8 	0.0 	0.2 	0.3 	0.0 	0.0 	0.0 	0.0 	0.0 	0.0 	0.0 	0.0 	0.0 	0.0 	0.0 	0.0 	0.0 	0.0 	0.0 	53.8 
    	junio     	SENAMHI	0.0 	1.8 	0.0 	0.0 	0.0 	0.0 	0.0 	0.4 	0.5 	0.0 	0.0 	0.0 	0.0 	0.0 	0.0 	0.0 	0.0 	0.0 	0.0 	0.0 	0.0 	0.0 	0.0 	0.0 	0.0 	0.0 	0.0 	0.0 	0.0 	0.0 	    	2.7  
    	julio     	SENAMHI	0.0 	0.0 	3.5 	8.0 	3.8 	0.0 	0.0 	0.0 	0.0 	0.0 	0.6 	0.0 	0.0 	0.0 	0.0 	0.0 	0.0 	0.0 	0.0 	0.0 	0.0 	1.9 	1.4 	0.0 	0.0 	0.0 	0.0 	0.0 	0.0 	0.0 	0.0 	19.2 
    	agosto    	SENAMHI	0.0 	0.0 	0.0 	0.0 	0.0 	0.0 	0.0 	0.4 	7.8 	2.6 	2.5 	1.0 	0.8 	1.8 	1.2 	0.0 	4.4 	0.4 	0.0 	6.2 	0.0 	0.0 	0.0 	0.0 	0.0 	0.0 	0.0 	0.0 	0.0 	0.0 	0.0 	29.1 
    	septiembre	SENAMHI	0.0 	0.0 	0.0 	0.0 	0.0 	0.0 	0.0 	0.0 	0.0 	0.0 	0.0 	0.0 	0.0 	0.0 	0.0 	0.0 	0.0 	0.0 	2.0 	1.0 	2.3 	2.0 	3.0 	0.0 	2.9 	2.3 	1.0 	7.4 	0.0 	0.0 	    	23.9 
    	octubre   	SENAMHI	0.0 	0.0 	4.1 	0.0 	11.4	14.1	0.0 	11.5	11.0	6.7 	4.7 	12.4	14.2	4.4 	4.0 	3.5 	3.9 	1.4 	0.9 	1.2 	0.0 	1.3 	0.0 	0.5 	0.0 	16.7	0.7 	0.0 	2.3 	0.3 	0.5 	131.7
    	noviembre 	SENAMHI	0.0 	0.0 	0.0 	0.0 	0.0 	0.0 	0.0 	0.0 	0.0 	0.0 	0.0 	0.0 	0.0 	0.0 	0.0 	0.0 	1.9 	0.3 	3.0 	0.0 	0.0 	2.2 	4.9 	0.0 	13.0	7.6 	8.1 	3.9 	9.1 	11.4	    	65.4 
    	diciembre 	SENAMHI	1.6 	2.7 	2.1 	2.6 	0.0 	1.0 	1.2 	8.6 	6.8 	10.4	2.4 	0.0 	0.0 	0.0 	0.0 	1.9 	1.4 	0.0 	6.5 	13.4	6.6 	3.9 	2.7 	0.7 	2.3 	0.0 	6.3 	58.6	22.4	17.4	4.7 	188.2
2001	enero     	SENAMHI	5.2 	2.8 	3.1 	16.4	8.7 	20.5	3.0 	3.2 	0.9 	2.9 	12.5	7.5 	5.2 	8.4 	9.0 	5.5 	4.7 	6.0 	6.8 	7.9 	8.9 	0.2 	5.4 	3.8 	17.8	8.3 	12.2	2.4 	3.4 	5.1 	0.4 	208.1
    	febrero   	SENAMHI	3.9 	7.7 	12.1	4.7 	8.5 	1.2 	0.0 	0.0 	2.6 	3.9 	4.3 	7.6 	7.0 	3.9 	3.2 	0.0 	0.0 	0.0 	0.9 	0.6 	4.1 	7.1 	12.3	20.6	0.0 	0.0 	0.0 	6.8 	    	    	    	123.0
    	marzo     	SENAMHI	10.8	8.0 	3.3 	7.1 	7.9 	10.7	10.6	4.0 	5.9 	5.2 	6.9 	9.9 	6.8 	6.5 	15.5	16.6	6.4 	3.5 	6.5 	5.9 	3.0 	2.4 	19.2	6.1 	13.0	12.7	11.0	7.0 	10.3	0.0 	    	242.7
    	mayo      	SENAMHI	0.0 	0.0 	0.0 	0.0 	0.0 	0.0 	0.0 	0.0 	0.0 	3.8 	0.0 	2.1 	9.6 	6.1 	0.0 	1.0 	1.0 	0.8 	0.0 	0.0 	0.0 	0.0 	0.0 	0.0 	0.0 	0.0 	0.0 	1.6 	1.0 	2.2 	0.8 	30.0 
    	junio     	SENAMHI	0.0 	0.0 	0.0 	0.0 	0.0 	0.0 	0.0 	0.0 	0.0 	0.0 	2.0 	2.1 	0.0 	0.0 	0.0 	0.0 	0.0 	0.0 	0.0 	0.0 	0.0 	0.0 	0.0 	0.0 	0.0 	0.0 	0.0 	0.0 	0.0 	0.0 	    	4.1  
    	julio     	SENAMHI	0.0 	0.0 	4.2 	6.2 	2.6 	2.3 	0.0 	0.0 	0.0 	0.0 	0.0 	0.0 	0.0 	0.0 	0.0 	0.0 	0.0 	0.0 	0.0 	0.0 	0.0 	0.0 	0.0 	3.5 	0.5 	1.6 	0.5 	0.0 	0.0 	0.0 	0.0 	21.4 
    	agosto    	SENAMHI	0.0 	0.0 	0.0 	0.0 	0.0 	0.0 	0.9 	0.0 	0.0 	0.0 	0.0 	0.0 	0.0 	0.0 	0.0 	0.0 	0.0 	0.0 	2.9 	2.3 	0.0 	0.0 	0.0 	0.0 	0.0 	0.0 	1.4 	0.0 	0.7 	2.0 	0.0 	10.2 
    	septiembre	SENAMHI	0.0 	4.2 	1.8 	5.1 	1.9 	3.1 	2.0 	3.4 	3.0 	0.5 	0.7 	0.0 	1.0 	0.0 	0.9 	1.4 	1.0 	0.0 	0.0 	0.0 	9.3 	0.9 	4.0 	0.0 	0.0 	0.0 	0.0 	1.9 	1.0 	0.0 	    	47.1 
    	octubre   	SENAMHI	2.5 	3.7 	3.6 	10.6	9.9 	6.2 	1.1 	0.0 	1.2 	0.0 	4.4 	1.1 	3.3 	3.8 	2.1 	0.2 	0.0 	0.0 	0.0 	1.0 	3.3 	1.0 	0.0 	1.2 	1.3 	0.0 	0.9 	0.7 	0.6 	4.1 	3.6 	71.4 
    	noviembre 	SENAMHI	2.7 	0.0 	0.0 	0.0 	0.8 	5.8 	0.0 	3.5 	8.9 	3.6 	3.1 	2.6 	6.3 	3.5 	2.0 	0.0 	1.1 	0.5 	0.6 	13.6	3.9 	15.1	8.6 	1.4 	9.3 	0.5 	0.3 	5.4 	6.3 	0.3 	    	109.7
    	diciembre 	SENAMHI	2.3 	1.0 	1.2 	1.1 	1.6 	9.4 	1.6 	10.4	0.3 	0.2 	0.0 	0.0 	0.0 	1.3 	4.8 	1.2 	0.8 	0.0 	1.3 	0.0 	0.0 	0.0 	0.0 	1.8 	3.2 	0.5 	0.0 	2.2 	0.3 	0.0 	0.0 	46.5 
2002	enero     	SENAMHI	0.0 	0.0 	0.0 	0.0 	0.0 	0.0 	0.0 	0.0 	0.0 	0.0 	0.0 	3.0 	8.6 	4.0 	0.0 	0.3 	7.7 	11.2	11.1	1.3 	5.2 	0.0 	0.9 	5.0 	5.0 	1.1 	0.0 	2.1 	9.3 	4.9 	2.0 	82.7 
    	febrero   	SENAMHI	0.0 	6.8 	4.4 	11.6	6.0 	0.0 	6.7 	13.7	7.2 	3.6 	6.0 	0.0 	7.5 	7.3 	5.5 	25.8	5.1 	4.0 	7.7 	6.6 	8.8 	14.4	15.8	15.4	16.4	3.0 	0.0 	2.4 	    	    	    	211.7
    	marzo     	SENAMHI	20.0	10.6	6.9 	12.3	5.9 	3.6 	7.5 	24.1	6.4 	14.3	4.0 	14.3	3.0 	12.2	11.9	4.2 	6.1 	7.3 	5.0 	10.7	7.1 	0.0 	7.0 	4.5 	6.4 	9.1 	3.4 	3.5 	2.1 	4.2 	2.9 	240.5
    	abril     	SENAMHI	9.3 	1.9 	2.0 	0.0 	2.0 	2.4 	0.7 	0.0 	9.3 	4.1 	11.4	0.0 	0.0 	2.1 	2.5 	0.0 	0.0 	2.5 	0.0 	0.0 	1.0 	19.7	2.1 	0.5 	0.0 	0.0 	0.0 	0.0 	0.0 	0.0 	    	73.5 
    	mayo      	SENAMHI	1.8 	0.8 	0.0 	0.0 	6.2 	0.0 	5.8 	4.8 	0.0 	0.0 	0.7 	0.0 	0.0 	0.0 	0.0 	4.6 	7.0 	0.0 	0.0 	0.0 	0.8 	1.2 	2.8 	0.4 	0.0 	0.0 	0.0 	0.0 	0.0 	0.0 	0.0 	36.9 
    	junio     	SENAMHI	0.0 	0.0 	1.7 	1.0 	0.0 	0.0 	0.0 	0.0 	0.0 	0.0 	0.0 	0.0 	0.0 	1.8 	0.0 	0.0 	0.0 	0.0 	0.0 	0.0 	0.0 	0.0 	0.0 	0.0 	0.0 	0.0 	0.0 	0.5 	1.1 	0.0 	    	6.1  
    	julio     	SENAMHI	0.0 	2.6 	1.4 	0.0 	0.3 	0.0 	0.0 	0.0 	11.7	11.0	1.1 	0.7 	0.0 	0.0 	0.0 	0.0 	0.0 	0.0 	0.0 	0.0 	0.0 	0.0 	0.0 	0.0 	0.0 	0.0 	2.8 	1.2 	0.0 	0.0 	0.0 	32.8 
    	agosto    	SENAMHI	0.0 	0.0 	0.0 	0.0 	0.0 	0.2 	0.0 	0.0 	8.1 	0.0 	0.0 	0.0 	0.0 	0.0 	0.3 	0.2 	0.6 	0.0 	0.0 	1.5 	0.0 	0.0 	2.1 	1.3 	0.0 	0.0 	0.6 	0.0 	0.0 	1.9 	0.0 	16.8 
    	septiembre	SENAMHI	0.0 	0.0 	3.4 	2.1 	0.0 	0.0 	0.0 	0.0 	3.3 	8.2 	0.0 	0.0 	0.0 	0.0 	0.0 	1.4 	1.6 	2.1 	2.8 	1.2 	0.0 	2.3 	0.3 	0.0 	0.0 	8.0 	4.5 	11.5	2.3 	2.4 	    	57.4 
    	octubre   	SENAMHI	1.1 	2.3 	1.6 	0.0 	0.0 	6.1 	8.0 	5.5 	9.1 	10.7	9.2 	0.0 	0.0 	0.0 	0.0 	0.0 	0.0 	1.4 	0.0 	4.1 	0.5 	5.1 	1.8 	5.4 	1.2 	3.0 	5.8 	3.0 	8.5 	1.8 	3.1 	98.3 
    	noviembre 	SENAMHI	3.1 	0.0 	0.0 	0.0 	0.0 	1.3 	4.6 	0.7 	7.6 	0.0 	1.1 	1.0 	4.0 	5.4 	6.8 	9.1 	8.6 	3.2 	9.9 	11.3	15.4	5.1 	4.7 	0.0 	3.5 	15.5	4.5 	5.8 	9.8 	6.0 	    	148.0
    	diciembre 	SENAMHI	7.9 	10.3	8.2 	1.4 	0.0 	0.0 	0.0 	0.0 	0.0 	0.0 	0.0 	0.0 	0.5 	2.2 	1.4 	7.6 	5.0 	4.5 	3.8 	1.5 	9.6 	6.9 	1.2 	2.7 	1.4 	8.6 	13.9	11.8	4.7 	12.7	6.2 	134.0
2003	enero     	SENAMHI	18.4	17.0	14.4	9.3 	0.6 	1.1 	5.3 	5.5 	5.8 	28.5	5.2 	8.2 	10.5	0.5 	0.0 	5.5 	0.3 	0.0 	0.0 	1.1 	1.7 	0.0 	5.1 	3.3 	3.2 	19.7	5.8 	0.9 	2.1 	1.4 	2.8 	183.2
    	febrero   	SENAMHI	4.0 	10.0	4.9 	0.9 	3.0 	12.8	4.4 	7.7 	12.5	10.8	12.9	3.9 	12.6	10.7	4.8 	8.3 	0.0 	0.0 	0.1 	0.4 	9.1 	11.9	19.1	3.2 	5.6 	0.7 	11.6	8.0 	    	    	    	193.9
    	marzo     	SENAMHI	9.8 	9.3 	7.1 	16.5	3.9 	26.9	1.7 	4.3 	0.1 	1.6 	0.2 	18.1	7.9 	1.9 	0.0 	18.9	2.5 	15.7	1.2 	0.0 	0.0 	1.5 	4.8 	7.5 	7.3 	9.5 	0.0 	4.2 	6.1 	2.3 	6.5 	197.3
    	abril     	SENAMHI	13.5	10.1	12.2	10.7	0.5 	0.0 	0.0 	0.0 	6.4 	1.4 	10.9	10.1	0.0 	6.6 	0.3 	0.6 	0.0 	1.2 	4.1 	5.2 	1.7 	4.6 	4.2 	2.3 	2.2 	1.9 	1.1 	0.0 	0.0 	0.0 	    	111.8
    	mayo      	SENAMHI	0.7 	0.0 	0.0 	1.0 	9.1 	0.0 	0.0 	0.0 	1.5 	0.2 	2.5 	5.6 	5.3 	0.3 	0.4 	0.7 	1.4 	1.0 	0.0 	0.0 	0.3 	0.2 	0.0 	0.3 	0.0 	0.0 	0.0 	0.1 	0.0 	0.0 	0.0 	30.6 
    	junio     	SENAMHI	0.0 	0.0 	0.0 	0.0 	0.0 	0.0 	0.0 	0.0 	0.0 	0.0 	0.0 	0.0 	0.0 	0.0 	0.0 	0.0 	0.0 	0.0 	0.0 	0.0 	0.0 	0.0 	0.0 	0.0 	0.0 	0.0 	0.0 	0.0 	0.0 	0.0 	    	0.0  
    	julio     	SENAMHI	1.9 	3.0 	0.0 	0.0 	0.0 	0.0 	0.0 	0.0 	0.0 	0.0 	0.0 	0.0 	0.0 	0.0 	0.0 	0.0 	0.0 	0.0 	0.9 	0.0 	0.0 	0.0 	0.0 	0.0 	2.8 	0.0 	0.0 	0.0 	0.0 	0.0 	0.0 	8.6  
    	agosto    	SENAMHI	0.0 	2.1 	3.0 	1.8 	0.0 	0.0 	0.0 	0.0 	1.8 	0.0 	0.3 	0.0 	0.0 	0.0 	0.0 	0.0 	0.9 	0.0 	0.0 	0.0 	0.0 	0.0 	0.4 	0.9 	0.0 	0.0 	0.0 	0.0 	0.0 	1.0 	0.0 	12.2 
    	octubre   	SENAMHI	1.8 	0.0 	0.0 	0.0 	0.0 	0.0 	0.0 	0.0 	0.0 	0.0 	6.4 	6.7 	9.8 	4.1 	0.0 	0.0 	1.6 	0.0 	0.0 	0.0 	17.1	0.0 	0.6 	10.4	0.0 	0.0 	0.0 	19.8	60.4	0.5 	0.0 	139.2
    	noviembre 	SENAMHI	0.0 	0.0 	0.0 	0.0 	0.0 	0.0 	1.7 	0.5 	0.0 	0.7 	1.7 	0.4 	1.9 	0.6 	0.0 	0.0 	0.0 	0.0 	0.0 	4.6 	0.0 	0.0 	9.0 	0.0 	0.0 	11.1	7.1 	0.8 	0.7 	25.1	    	65.9 
    	diciembre 	SENAMHI	6.0 	0.0 	5.3 	13.4	9.5 	8.1 	12.1	5.3 	0.0 	0.4 	4.9 	0.3 	11.5	0.0 	1.9 	21.9	6.0 	8.7 	1.8 	4.6 	13.7	0.0 	1.2 	3.2 	5.8 	16.7	0.4 	0.8 	0.0 	0.0 	0.3 	163.8
2004	enero     	SENAMHI	0.4 	0.7 	1.6 	7.9 	4.2 	1.2 	0.0 	4.0 	0.2 	0.3 	0.0 	0.0 	0.0 	0.0 	0.0 	0.0 	0.0 	0.0 	0.0 	0.0 	0.0 	0.0 	0.0 	0.0 	8.6 	1.1 	0.9 	2.1 	0.0 	1.4 	0.3 	34.9 
    	febrero   	SENAMHI	1.2 	0.7 	14.3	1.5 	6.8 	14.5	5.4 	5.9 	20.1	21.3	9.2 	3.0 	2.3 	3.3 	3.0 	0.2 	4.3 	5.8 	12.7	15.3	11.5	3.5 	0.3 	0.9 	0.6 	1.2 	0.0 	0.5 	3.4 	    	    	172.7
    	marzo     	SENAMHI	1.7 	0.0 	0.4 	2.3 	0.0 	0.0 	1.9 	0.7 	41.3	1.5 	0.0 	7.8 	6.1 	0.0 	1.8 	1.9 	8.2 	3.4 	10.4	13.9	4.3 	9.3 	11.9	2.9 	0.4 	0.0 	0.6 	1.6 	0.0 	11.1	4.6 	150.0
    	abril     	SENAMHI	4.5 	18.6	7.8 	4.5 	1.4 	0.3 	0.0 	0.0 	17.1	3.5 	0.0 	6.8 	1.1 	5.0 	0.0 	0.0 	0.0 	0.0 	0.0 	0.0 	0.0 	0.0 	0.0 	0.0 	3.0 	0.0 	0.0 	2.5 	0.0 	0.0 	    	76.1 
    	mayo      	SENAMHI	1.5 	0.0 	3.9 	0.4 	0.0 	0.0 	0.0 	0.0 	0.0 	0.0 	0.0 	0.0 	0.0 	0.0 	0.0 	0.0 	0.0 	0.0 	0.0 	0.0 	0.0 	0.0 	0.0 	0.0 	0.0 	0.0 	0.9 	0.0 	0.0 	0.0 	0.0 	6.7  
    	junio     	SENAMHI	0.0 	0.0 	0.0 	0.0 	0.0 	0.0 	0.0 	0.0 	0.0 	0.0 	0.0 	0.0 	0.0 	0.0 	0.0 	0.0 	0.0 	0.0 	0.0 	0.0 	0.0 	0.0 	3.5 	0.0 	0.0 	0.0 	1.3 	3.9 	0.9 	0.6 	    	10.2 
    	julio     	SENAMHI	0.0 	0.0 	0.0 	5.4 	0.0 	0.0 	0.0 	0.0 	0.0 	0.0 	0.0 	0.0 	0.0 	0.0 	0.0 	0.0 	0.0 	0.0 	0.0 	0.0 	0.0 	0.0 	0.0 	0.0 	1.2 	0.6 	0.0 	0.0 	0.0 	0.0 	0.0 	7.2  
    	agosto    	SENAMHI	0.0 	0.0 	0.0 	0.0 	0.0 	0.0 	3.7 	0.4 	0.0 	0.0 	1.2 	0.0 	0.0 	0.0 	0.0 	0.0 	0.0 	5.6 	0.7 	0.0 	1.3 	1.5 	0.3 	0.0 	0.0 	0.0 	0.0 	0.0 	0.0 	0.0 	0.0 	14.7 
    	septiembre	SENAMHI	10.9	0.3 	0.0 	2.2 	0.0 	31.0	2.9 	3.0 	6.2 	0.8 	0.0 	0.0 	7.3 	0.0 	0.0 	0.0 	0.0 	0.5 	0.0 	0.3 	0.7 	0.8 	0.0 	1.7 	1.3 	4.4 	0.3 	8.1 	3.9 	4.1 	    	90.7 
    	octubre   	SENAMHI	0.0 	0.8 	6.1 	18.5	0.8 	2.3 	1.7 	0.0 	0.0 	0.0 	0.0 	0.2 	2.9 	2.4 	0.4 	2.3 	5.6 	27.1	2.1 	6.6 	0.7 	0.6 	0.0 	3.7 	3.5 	0.0 	11.4	2.1 	4.3 	4.8 	3.5 	114.4
    	noviembre 	SENAMHI	9.9 	6.9 	2.9 	0.4 	5.6 	13.5	12.4	6.5 	8.1 	0.0 	2.1 	7.9 	0.0 	0.0 	0.0 	0.0 	0.0 	0.0 	0.5 	0.4 	0.0 	0.2 	0.0 	0.0 	0.0 	0.0 	0.0 	0.0 	0.0 	0.0 	    	77.3 
    	diciembre 	SENAMHI	1.1 	6.5 	3.4 	3.8 	8.3 	1.5 	8.5 	5.2 	4.0 	20.8	11.2	3.5 	3.8 	6.4 	26.7	9.7 	6.4 	5.7 	9.8 	4.1 	1.8 	0.0 	2.3 	4.2 	5.1 	2.7 	3.5 	6.7 	2.2 	2.0 	3.1 	184.0
2005	enero     	SENAMHI	0.6 	3.6 	5.9 	8.9 	1.6 	0.0 	0.0 	0.0 	8.1 	17.2	9.8 	5.6 	5.0 	0.5 	0.0 	0.0 	0.0 	0.3 	0.0 	0.0 	0.0 	0.0 	0.0 	0.0 	1.5 	1.2 	0.1 	9.6 	3.1 	3.5 	0.0 	86.1 
    	febrero   	SENAMHI	30.4	3.2 	5.9 	0.5 	0.0 	4.5 	0.7 	7.7 	8.0 	13.6	12.3	10.6	11.6	3.8 	0.0 	0.0 	3.4 	2.9 	5.8 	3.3 	7.7 	2.3 	4.5 	0.0 	6.1 	0.4 	2.5 	2.6 	    	    	    	154.3
    	marzo     	SENAMHI	1.9 	1.8 	3.4 	2.8 	0.0 	0.2 	3.3 	0.0 	1.1 	7.9 	4.1 	1.0 	2.1 	6.4 	0.2 	0.0 	13.4	14.2	0.2 	13.9	7.4 	23.9	8.7 	9.1 	0.6 	3.4 	1.5 	3.6 	3.7 	3.1 	0.4 	143.3
    	abril     	SENAMHI	13.8	12.5	20.1	12.3	1.3 	0.0 	2.0 	0.0 	0.0 	0.0 	0.0 	6.2 	16.9	9.0 	2.8 	0.0 	14.0	1.4 	0.0 	1.1 	0.0 	1.4 	0.0 	0.0 	0.0 	0.0 	0.0 	0.0 	0.0 	0.0 	    	114.8
    	mayo      	SENAMHI	0.0 	0.0 	0.0 	0.0 	0.0 	0.0 	0.0 	0.0 	0.0 	0.0 	0.0 	0.8 	1.4 	0.0 	0.0 	3.0 	0.7 	0.0 	0.0 	0.0 	0.0 	0.0 	0.0 	0.0 	0.0 	0.0 	0.0 	0.0 	0.0 	0.0 	0.0 	5.9  
    	junio     	SENAMHI	0.0 	0.0 	0.0 	0.0 	0.0 	0.0 	0.0 	0.0 	0.0 	0.0 	0.0 	0.0 	0.0 	0.0 	0.0 	0.0 	0.0 	0.0 	0.0 	0.0 	0.0 	0.0 	0.0 	0.0 	0.0 	0.0 	0.0 	0.0 	0.0 	0.0 	    	0.0  
    	julio     	SENAMHI	0.0 	0.0 	0.0 	0.0 	0.0 	0.0 	0.0 	0.0 	0.0 	0.0 	0.0 	0.0 	0.0 	0.0 	0.0 	0.0 	0.0 	0.0 	0.0 	0.0 	0.0 	0.0 	0.0 	0.0 	0.0 	0.0 	0.0 	0.0 	0.0 	0.0 	0.0 	0.0  
    	agosto    	SENAMHI	0.0 	0.0 	0.0 	0.0 	0.0 	0.0 	0.0 	0.0 	0.0 	0.0 	0.0 	0.0 	0.0 	0.0 	0.0 	0.0 	0.0 	0.0 	0.0 	5.7 	0.0 	0.0 	0.0 	0.8 	0.0 	6.8 	0.0 	0.0 	0.0 	0.0 	0.0 	13.3 
    	septiembre	SENAMHI	0.0 	0.0 	0.0 	0.0 	0.0 	0.0 	0.0 	0.0 	0.0 	3.3 	1.3 	3.0 	10.0	6.4 	0.8 	1.5 	0.0 	0.0 	0.0 	0.0 	0.0 	0.0 	0.0 	0.0 	0.0 	0.0 	0.0 	0.0 	0.0 	0.0 	    	26.3 
    	octubre   	SENAMHI	1.1 	4.3 	2.8 	1.7 	0.0 	0.0 	0.0 	3.4 	2.6 	5.7 	3.1 	2.9 	0.0 	0.0 	0.0 	0.4 	1.2 	0.0 	4.4 	0.0 	0.0 	1.8 	0.0 	0.0 	0.0 	0.0 	0.0 	0.0 	0.0 	0.0 	0.0 	35.4 
    	noviembre 	SENAMHI	0.0 	0.0 	0.0 	0.0 	0.0 	6.7 	12.4	1.6 	0.2 	1.6 	0.2 	0.0 	0.0 	0.0 	0.0 	0.0 	0.0 	0.0 	5.2 	0.0 	0.0 	0.0 	0.0 	0.0 	0.0 	0.0 	0.0 	0.0 	0.9 	0.2 	    	29.0 
    	diciembre 	SENAMHI	0.0 	0.0 	0.0 	5.8 	0.0 	0.0 	0.0 	0.0 	4.5 	4.2 	5.1 	8.0 	3.3 	0.6 	15.5	11.1	6.6 	7.8 	8.7 	7.1 	0.0 	8.3 	0.8 	6.5 	10.3	5.5 	10.3	2.8 	1.7 	4.5 	0.8 	139.8
2006	enero     	SENAMHI	6.2 	3.9 	5.4 	3.4 	8.0 	5.7 	0.0 	12.2	3.0 	14.8	7.9 	3.9 	4.1 	3.1 	7.5 	6.2 	26.1	14.8	0.0 	0.0 	1.9 	3.5 	12.6	21.5	2.6 	6.8 	8.9 	14.4	15.9	4.7 	0.7 	229.7
    	febrero   	SENAMHI	12.1	0.8 	0.0 	15.1	2.5 	2.2 	11.4	3.9 	7.9 	22.9	2.2 	5.7 	0.0 	0.0 	0.0 	0.0 	1.1 	1.0 	0.0 	1.5 	1.3 	1.6 	2.5 	0.8 	12.6	0.3 	9.3 	2.3 	    	    	    	121.0
    	marzo     	SENAMHI	17.2	2.2 	10.7	6.9 	10.0	0.3 	0.0 	0.0 	0.2 	0.0 	0.5 	1.8 	5.7 	6.8 	5.9 	1.5 	25.4	6.9 	1.8 	16.0	24.6	14.6	18.1	8.7 	13.3	5.6 	6.9 	3.2 	23.5	3.7 	5.6 	247.6
    	abril     	SENAMHI	4.2 	2.9 	8.3 	1.3 	10.5	4.3 	7.9 	1.9 	0.9 	7.3 	0.0 	6.5 	3.4 	7.4 	5.2 	3.9 	5.1 	0.7 	2.5 	3.1 	0.0 	0.0 	0.0 	2.4 	0.0 	0.0 	0.3 	0.0 	0.0 	    	    	90.0 
    	mayo      	SENAMHI	0.0 	2.5 	1.1 	0.0 	0.0 	0.0 	0.0 	0.0 	0.0 	0.0 	0.0 	0.0 	0.0 	0.0 	0.0 	0.0 	0.0 	0.0 	0.0 	0.0 	0.0 	0.0 	0.0 	0.0 	0.0 	0.0 	0.0 	0.0 	0.0 	0.0 	0.0 	3.6  
    	junio     	SENAMHI	0.0 	0.0 	0.0 	0.0 	0.0 	0.0 	2.4 	0.0 	0.0 	0.0 	0.0 	0.0 	0.0 	0.0 	0.0 	0.0 	0.0 	0.0 	0.0 	0.0 	0.0 	0.0 	2.0 	0.0 	0.0 	0.0 	0.0 	0.2 	0.1 	0.0 	    	4.7  
    	julio     	SENAMHI	0.0 	0.0 	0.0 	0.0 	0.0 	0.0 	0.0 	0.0 	1.1 	0.0 	0.0 	0.0 	0.0 	0.0 	0.0 	0.0 	0.0 	0.0 	0.0 	0.0 	0.0 	0.0 	0.0 	0.0 	0.0 	0.0 	0.0 	0.0 	0.0 	0.0 	0.0 	1.1  
    	agosto    	SENAMHI	0.0 	0.0 	0.0 	0.0 	0.0 	0.0 	0.0 	0.0 	0.0 	0.6 	26.2	1.0 	0.0 	0.0 	7.2 	0.0 	0.0 	0.8 	0.0 	0.2 	0.0 	0.0 	0.0 	0.0 	0.0 	0.0 	0.0 	11.9	1.1 	0.0 	0.0 	49.0 
    	septiembre	SENAMHI	0.0 	0.0 	12.6	1.1 	3.7 	0.0 	0.0 	0.0 	0.0 	0.0 	0.0 	0.5 	0.0 	0.0 	0.0 	2.7 	1.5 	3.2 	0.0 	3.1 	0.0 	0.0 	0.0 	0.0 	6.8 	1.8 	2.3 	0.0 	0.0 	0.0 	    	39.3 
    	octubre   	SENAMHI	0.0 	0.0 	0.0 	0.0 	0.0 	10.8	10.7	2.2 	0.0 	0.0 	0.0 	0.0 	0.0 	0.0 	0.0 	0.0 	0.0 	0.0 	0.0 	0.0 	5.9 	5.6 	10.2	12.4	14.3	1.9 	7.7 	2.0 	0.6 	17.2	0.6 	102.1
    	noviembre 	SENAMHI	8.8 	2.9 	6.1 	10.6	4.3 	2.4 	0.6 	0.8 	10.9	8.2 	16.2	0.9 	0.0 	1.5 	0.4 	2.9 	4.0 	6.1 	3.8 	0.8 	3.2 	3.9 	0.0 	3.0 	2.2 	11.4	3.3 	0.3 	2.1 	0.0 	    	121.6
    	diciembre 	SENAMHI	0.0 	0.0 	3.3 	0.0 	5.2 	5.1 	2.7 	0.0 	0.0 	3.2 	2.8 	4.6 	4.4 	0.2 	2.5 	11.6	6.5 	19.9	4.1 	11.0	12.9	2.2 	4.4 	2.1 	7.6 	0.0 	2.3 	3.2 	0.0 	5.1 	6.1 	133.0
2007	enero     	SENAMHI	22.4	21.7	24.8	19.3	0.7 	0.0 	19.6	3.6 	8.6 	3.7 	13.1	6.8 	6.0 	7.2 	9.9 	3.1 	2.1 	7.6 	5.5 	3.9 	21.6	0.0 	9.5 	0.0 	2.1 	1.3 	0.9 	6.2 	11.6	1.9 	2.9 	247.6
    	febrero   	SENAMHI	9.0 	13.8	5.6 	17.7	0.0 	0.0 	0.0 	0.0 	7.9 	0.0 	14.0	14.2	13.3	4.0 	0.0 	0.0 	0.0 	0.0 	0.0 	0.0 	4.2 	0.0 	13.3	1.0 	4.9 	4.1 	5.1 	6.1 	    	    	    	138.2
    	marzo     	SENAMHI	1.7 	11.8	28.0	2.8 	3.6 	19.9	7.6 	8.1 	13.9	4.1 	9.2 	3.6 	10.7	9.4 	11.4	10.5	7.1 	8.7 	8.0 	5.5 	3.9 	1.0 	0.0 	1.2 	0.0 	7.4 	1.2 	8.1 	4.6 	7.6 	4.4 	225.0
    	abril     	SENAMHI	29.0	21.5	0.0 	0.0 	9.4 	6.2 	0.0 	0.0 	0.0 	3.0 	3.1 	4.9 	0.0 	0.6 	0.2 	0.0 	0.0 	0.0 	0.0 	0.0 	4.6 	0.0 	1.5 	1.4 	12.1	1.5 	0.9 	2.2 	0.0 	0.0 	    	102.1
    	mayo      	SENAMHI	0.0 	4.2 	22.7	1.9 	0.0 	2.3 	0.0 	0.0 	0.0 	0.0 	0.0 	0.0 	0.0 	0.0 	0.0 	0.0 	0.0 	0.0 	0.0 	0.0 	0.0 	0.0 	0.0 	0.0 	0.0 	0.0 	0.0 	0.0 	0.0 	0.0 	    	31.1 
    	junio     	SENAMHI	0.0 	0.0 	0.0 	0.0 	0.0 	0.0 	0.0 	0.0 	0.0 	0.0 	0.0 	0.0 	0.0 	0.0 	0.0 	0.0 	0.0 	0.0 	0.0 	0.0 	0.0 	0.0 	5.1 	0.0 	0.0 	0.0 	0.0 	0.0 	0.0 	0.0 	    	5.1  
    	julio     	SENAMHI	0.0 	0.0 	0.0 	0.0 	0.0 	0.0 	0.0 	0.0 	0.0 	0.0 	0.0 	0.0 	0.0 	0.0 	0.0 	0.0 	0.0 	0.0 	0.0 	0.0 	0.0 	0.0 	0.0 	0.0 	0.0 	0.0 	0.0 	0.0 	0.0 	0.0 	0.0 	0.0  
    	agosto    	SENAMHI	0.0 	0.0 	0.0 	0.0 	0.0 	0.0 	0.0 	0.0 	0.0 	0.0 	0.0 	0.0 	0.0 	0.0 	0.0 	0.0 	0.0 	0.0 	0.0 	0.0 	0.0 	0.0 	0.0 	0.0 	0.0 	0.0 	0.0 	0.0 	0.0 	0.0 	0.0 	0.0  
    	septiembre	SENAMHI	0.0 	0.0 	0.0 	0.0 	6.6 	0.0 	0.0 	0.0 	0.0 	0.0 	0.0 	0.0 	0.0 	0.0 	0.0 	0.0 	5.4 	0.0 	0.0 	0.0 	2.0 	0.0 	1.6 	3.3 	5.3 	2.6 	0.0 	3.3 	0.0 	0.0 	    	30.1 
    	octubre   	SENAMHI	0.0 	1.9 	0.0 	4.4 	0.0 	0.0 	4.2 	1.6 	0.0 	0.0 	0.0 	0.0 	0.0 	0.0 	0.0 	0.0 	3.1 	1.5 	2.4 	5.2 	2.2 	5.9 	0.0 	7.7 	2.0 	8.4 	8.1 	10.3	4.1 	5.5 	6.2 	84.7 
    	noviembre 	SENAMHI	0.0 	0.0 	0.0 	0.0 	0.0 	0.0 	0.0 	1.4 	3.3 	1.9 	1.8 	0.0 	0.0 	0.0 	0.0 	0.0 	1.5 	1.1 	0.0 	2.2 	7.4 	11.4	0.0 	0.0 	7.5 	5.0 	4.5 	1.8 	0.0 	0.0 	    	50.8 
    	diciembre 	SENAMHI	0.0 	0.0 	0.0 	0.0 	0.0 	0.0 	0.0 	0.0 	0.0 	0.0 	0.0 	1.7 	2.4 	8.7 	9.8 	5.6 	7.4 	7.3 	5.5 	1.8 	4.2 	6.1 	10.3	6.1 	6.1 	7.7 	4.5 	10.4	7.6 	5.2 	7.4 	125.8
2008	enero     	SENAMHI	4.0 	4.4 	7.6 	7.5 	9.4 	4.0 	5.9 	5.8 	3.8 	6.4 	4.8 	6.4 	3.0 	4.5 	6.5 	6.9 	7.4 	5.3 	6.0 	4.6 	3.5 	3.7 	3.6 	3.9 	6.4 	4.2 	4.4 	5.0 	5.1 	5.4 	3.3 	162.7
    	febrero   	SENAMHI	4.4 	6.4 	4.8 	1.5 	5.6 	6.1 	2.6 	9.6 	8.3 	10.0	9.8 	5.3 	6.8 	5.6 	7.8 	3.4 	8.7 	4.1 	14.4	13.8	12.7	8.2 	10.7	6.1 	7.1 	11.6	15.4	12.0	13.8	    	    	236.6
    	marzo     	SENAMHI	6.1 	1.1 	0.0 	0.0 	1.2 	1.1 	2.0 	8.3 	6.0 	6.1 	4.8 	7.1 	2.3 	12.2	0.8 	0.0 	0.9 	0.0 	0.0 	0.0 	0.0 	0.0 	0.0 	0.0 	0.0 	0.0 	0.0 	0.0 	0.0 	0.0 	0.0 	60.0 
    	abril     	SENAMHI	0.0 	5.1 	8.0 	0.8 	4.2 	2.8 	4.0 	3.6 	2.6 	0.5 	0.0 	2.7 	1.3 	0.0 	3.2 	1.0 	0.0 	0.0 	0.0 	0.0 	3.2 	1.1 	0.8 	2.3 	0.0 	0.0 	0.0 	0.0 	0.0 	0.0 	    	47.2 
    	mayo      	SENAMHI	0.0 	0.0 	0.0 	0.0 	0.0 	0.8 	0.0 	0.5 	0.0 	0.0 	0.0 	0.0 	3.2 	0.0 	0.0 	0.0 	0.0 	0.0 	0.0 	0.0 	0.0 	0.0 	5.8 	0.0 	0.0 	0.0 	0.0 	0.0 	0.0 	0.0 	0.0 	10.3 
    	junio     	SENAMHI	0.0 	0.0 	0.0 	0.0 	0.0 	0.0 	0.0 	0.0 	0.0 	0.0 	0.0 	0.0 	0.0 	0.0 	0.0 	0.0 	0.0 	0.0 	0.0 	0.0 	0.0 	0.0 	2.7 	0.0 	0.0 	0.0 	0.0 	0.0 	0.0 	0.0 	    	2.7  
    	julio     	SENAMHI	0.0 	0.0 	0.0 	0.0 	0.0 	0.0 	0.0 	0.0 	0.0 	0.0 	0.0 	0.0 	0.0 	0.0 	0.0 	0.0 	0.0 	0.0 	0.0 	0.0 	0.0 	0.0 	0.0 	0.0 	0.0 	0.0 	0.0 	0.0 	0.0 	0.0 	0.0 	0.0  
    	agosto    	SENAMHI	0.0 	0.0 	0.0 	5.1 	6.6 	6.1 	0.0 	0.0 	0.0 	0.0 	0.0 	0.0 	0.0 	0.0 	0.0 	0.0 	0.0 	0.0 	0.0 	0.0 	0.0 	0.0 	0.0 	0.0 	0.0 	0.0 	0.2 	0.0 	0.0 	0.0 	0.0 	18.0 
    	septiembre	SENAMHI	0.0 	0.0 	0.0 	0.0 	0.0 	0.0 	0.0 	11.1	1.1 	0.0 	0.0 	0.0 	8.1 	1.3 	0.0 	0.0 	0.0 	0.0 	0.0 	0.0 	4.3 	1.4 	0.2 	0.0 	0.0 	10.2	0.0 	0.0 	7.2 	0.0 	    	44.9 
    	octubre   	SENAMHI	0.0 	4.1 	4.4 	7.1 	3.7 	5.1 	0.8 	7.5 	4.6 	3.8 	2.6 	3.4 	2.5 	1.5 	0.0 	0.0 	0.0 	1.5 	2.3 	2.1 	0.0 	0.0 	5.7 	1.2 	4.0 	2.3 	4.0 	5.1 	7.8 	1.3 	1.5 	89.9 
    	noviembre 	SENAMHI	0.0 	0.0 	0.0 	0.0 	3.6 	    	3.2 	2.2 	0.0 	0.0 	0.0 	0.0 	1.4 	2.0 	3.2 	4.1 	2.1 	0.0 	0.3 	0.3 	2.4 	2.2 	2.7 	2.5 	2.8 	0.9 	4.3 	0.9 	0.0 	0.4 	    	41.5 
    	diciembre 	SENAMHI	6.6 	3.0 	10.6	7.1 	8.6 	2.9 	5.3 	8.8 	5.5 	0.0 	0.0 	0.0 	0.0 	0.0 	0.0 	0.0 	11.8	7.1 	11.0	7.0 	11.0	6.7 	11.2	7.5 	0.0 	0.0 	0.0 	0.0 	0.0 	0.0 	0.0 	131.7
2009	enero     	SENAMHI	0.0 	4.1 	10.4	9.4 	8.1 	16.5	3.6 	1.5 	0.3 	6.1 	4.7 	4.2 	10.4	2.9 	5.2 	4.0 	7.4 	2.2 	6.0 	2.5 	0.9 	0.9 	6.2 	4.7 	9.7 	2.6 	1.5 	1.9 	4.1 	10.4	3.3 	155.7
    	febrero   	SENAMHI	13.3	16.5	6.1 	7.3 	12.9	10.9	13.0	5.8 	10.0	12.3	12.1	5.4 	5.1 	11.1	5.6 	4.5 	6.2 	4.1 	5.8 	6.2 	3.3 	5.2 	10.6	17.0	7.5 	7.8 	8.8 	5.6 	    	    	    	240.0
    	marzo     	SENAMHI	5.2 	3.1 	4.0 	1.9 	2.0 	3.0 	4.2 	5.3 	4.0 	2.2 	5.4 	2.1 	3.5 	4.5 	1.5 	4.1 	5.1 	2.6 	2.6 	3.2 	3.4 	2.7 	3.0 	3.7 	2.1 	3.1 	5.0 	4.8 	3.0 	3.8 	7.8 	111.9
    	abril     	SENAMHI	3.6 	13.4	4.3 	8.2 	3.9 	5.7 	17.5	11.9	3.5 	6.7 	3.3 	4.9 	4.4 	3.0 	3.0 	2.1 	3.7 	2.0 	3.0 	2.6 	2.2 	2.2 	0.0 	0.0 	0.0 	0.0 	0.0 	0.0 	0.0 	0.0 	    	115.1
    	mayo      	SENAMHI	0.0 	0.0 	0.0 	0.0 	0.0 	3.6 	2.7 	0.0 	0.0 	0.0 	0.0 	0.0 	0.0 	0.0 	0.0 	0.0 	0.0 	0.0 	0.0 	0.0 	0.0 	0.0 	0.0 	0.0 	0.0 	0.0 	0.0 	0.0 	0.0 	0.0 	0.0 	6.3  
    	junio     	SENAMHI	0.0 	0.0 	0.0 	0.0 	0.0 	0.0 	0.0 	0.0 	0.0 	0.0 	0.0 	0.0 	0.0 	0.0 	0.0 	0.0 	0.0 	0.0 	0.0 	0.0 	0.0 	0.0 	0.0 	0.0 	0.0 	0.0 	0.0 	0.0 	0.0 	0.0 	    	0.0  
    	julio     	SENAMHI	0.0 	0.0 	0.0 	0.0 	0.0 	0.0 	0.0 	0.0 	0.2 	0.0 	0.0 	0.0 	0.0 	0.1 	0.0 	0.0 	0.0 	0.0 	0.0 	0.0 	0.0 	0.0 	0.0 	0.0 	1.2 	0.0 	0.9 	0.0 	0.0 	0.0 	    	2.4  
    	agosto    	SENAMHI	0.0 	0.0 	0.0 	0.0 	0.0 	0.0 	0.0 	0.0 	0.0 	0.0 	0.0 	26.7	26.9	12.1	0.0 	0.0 	0.0 	0.0 	0.0 	0.0 	0.0 	0.0 	0.0 	0.0 	0.2 	0.0 	0.9 	0.0 	0.0 	0.0 	0.0 	66.8 
    	septiembre	SENAMHI	0.0 	0.0 	0.0 	0.0 	4.4 	4.2 	2.6 	0.0 	0.0 	0.0 	0.0 	0.0 	3.1 	3.2 	4.2 	0.0 	0.0 	0.0 	0.0 	0.0 	0.0 	0.0 	0.0 	0.0 	0.3 	1.4 	0.6 	0.0 	0.0 	    	    	24.0 
    	octubre   	SENAMHI	4.1 	6.1 	3.9 	8.7 	0.0 	0.0 	0.0 	4.8 	3.7 	4.2 	3.0 	3.3 	4.8 	6.1 	0.0 	0.0 	0.0 	4.5 	2.4 	4.1 	5.4 	4.5 	0.0 	0.0 	2.4 	3.7 	5.9 	5.1 	6.0 	4.1 	2.6 	103.4
    	noviembre 	SENAMHI	2.9 	2.3 	3.6 	4.2 	4.1 	9.1 	3.6 	2.9 	2.5 	3.3 	3.0 	2.2 	6.3 	2.9 	5.2 	4.0 	3.7 	2.7 	6.7 	12.9	7.1 	9.9 	6.2 	15.2	11.4	12.2	7.8 	7.2 	8.4 	8.9 	    	182.4
    	diciembre 	SENAMHI	13.4	6.9 	23.2	3.3 	16.7	16.4	3.6 	16.0	15.8	14.6	4.4 	11.1	4.7 	2.7 	3.3 	19.3	2.3 	19.7	22.9	7.5 	2.9 	0.0 	5.4 	2.9 	5.5 	3.4 	3.2 	4.1 	5.2 	3.3 	4.2 	267.9
2010	enero     	SENAMHI	12.4	13.8	27.6	25.8	18.8	19.0	21.4	11.2	8.0 	7.1 	11.5	14.5	6.8 	12.5	18.0	5.4 	7.6 	14.3	8.5 	3.0 	5.9 	5.2 	5.4 	6.2 	2.7 	5.7 	7.7 	10.0	6.1 	6.6 	6.8 	335.5
    	febrero   	SENAMHI	4.1 	4.7 	5.2 	5.2 	8.0 	7.6 	4.9 	6.1 	3.0 	7.7 	4.9 	7.5 	3.1 	5.0 	12.8	4.2 	9.6 	1.1 	2.1 	5.7 	8.3 	1.6 	5.4 	3.2 	1.2 	1.1 	5.7 	2.0 	    	    	    	141.0
    	marzo     	SENAMHI	6.1 	5.7 	5.2 	14.4	10.7	3.5 	5.9 	16.5	7.2 	4.6 	4.8 	10.0	3.9 	9.9 	11.3	5.2 	7.6 	10.0	12.8	6.5 	3.7 	7.6 	2.7 	5.3 	4.5 	3.4 	5.0 	3.1 	4.3 	4.5 	    	205.9
